"Time (CET)","Day-ahead Total Load Forecast [MW] - Sweden (SE)","Actual Total Load [MW] - Sweden (SE)"
"01.01.2017 00:00 - 01.01.2017 01:00","13433","14207"
"01.01.2017 01:00 - 01.01.2017 02:00","13223","13942"
"01.01.2017 02:00 - 01.01.2017 03:00","12979","13703"
"01.01.2017 03:00 - 01.01.2017 04:00","12828","13630"
"01.01.2017 04:00 - 01.01.2017 05:00","12808","13525"
"01.01.2017 05:00 - 01.01.2017 06:00","13021","13584"
"01.01.2017 06:00 - 01.01.2017 07:00","13419","13747"
"01.01.2017 07:00 - 01.01.2017 08:00","13785","14014"
"01.01.2017 08:00 - 01.01.2017 09:00","14064","14271"
"01.01.2017 09:00 - 01.01.2017 10:00","14313","14647"
"01.01.2017 10:00 - 01.01.2017 11:00","14753","15311"
"01.01.2017 11:00 - 01.01.2017 12:00","15158","15882"
"01.01.2017 12:00 - 01.01.2017 13:00","15402","16207"
"01.01.2017 13:00 - 01.01.2017 14:00","15568","16455"
"01.01.2017 14:00 - 01.01.2017 15:00","15924","16781"
"01.01.2017 15:00 - 01.01.2017 16:00","16611","17273"
"01.01.2017 16:00 - 01.01.2017 17:00","17183","17931"
"01.01.2017 17:00 - 01.01.2017 18:00","17408","18027"
"01.01.2017 18:00 - 01.01.2017 19:00","17318","17846"
"01.01.2017 19:00 - 01.01.2017 20:00","17047","17572"
"01.01.2017 20:00 - 01.01.2017 21:00","16675","17159"
"01.01.2017 21:00 - 01.01.2017 22:00","16167","16645"
"01.01.2017 22:00 - 01.01.2017 23:00","15629","16125"
"01.01.2017 23:00 - 02.01.2017 00:00","15151","15744"
"02.01.2017 00:00 - 02.01.2017 01:00","15031","15654"
"02.01.2017 01:00 - 02.01.2017 02:00","14872","15615"
"02.01.2017 02:00 - 02.01.2017 03:00","14879","15664"
"02.01.2017 03:00 - 02.01.2017 04:00","14980","15762"
"02.01.2017 04:00 - 02.01.2017 05:00","15831","15923"
"02.01.2017 05:00 - 02.01.2017 06:00","16467","16691"
"02.01.2017 06:00 - 02.01.2017 07:00","17701","18522"
"02.01.2017 07:00 - 02.01.2017 08:00","19006","20616"
"02.01.2017 08:00 - 02.01.2017 09:00","19708","21251"
"02.01.2017 09:00 - 02.01.2017 10:00","19958","21503"
"02.01.2017 10:00 - 02.01.2017 11:00","20237","21785"
"02.01.2017 11:00 - 02.01.2017 12:00","20293","21692"
"02.01.2017 12:00 - 02.01.2017 13:00","20210","21706"
"02.01.2017 13:00 - 02.01.2017 14:00","20298","21656"
"02.01.2017 14:00 - 02.01.2017 15:00","20475","21763"
"02.01.2017 15:00 - 02.01.2017 16:00","21009","22322"
"02.01.2017 16:00 - 02.01.2017 17:00","21446","22703"
"02.01.2017 17:00 - 02.01.2017 18:00","21563","22621"
"02.01.2017 18:00 - 02.01.2017 19:00","21296","22254"
"02.01.2017 19:00 - 02.01.2017 20:00","20919","22023"
"02.01.2017 20:00 - 02.01.2017 21:00","20385","21442"
"02.01.2017 21:00 - 02.01.2017 22:00","19770","20784"
"02.01.2017 22:00 - 02.01.2017 23:00","19055","19914"
"02.01.2017 23:00 - 03.01.2017 00:00","18377","18971"
"03.01.2017 00:00 - 03.01.2017 01:00","16977","18447"
"03.01.2017 01:00 - 03.01.2017 02:00","16766","17968"
"03.01.2017 02:00 - 03.01.2017 03:00","16720","17872"
"03.01.2017 03:00 - 03.01.2017 04:00","16772","17817"
"03.01.2017 04:00 - 03.01.2017 05:00","17280","17856"
"03.01.2017 05:00 - 03.01.2017 06:00","17923","18545"
"03.01.2017 06:00 - 03.01.2017 07:00","19240","20145"
"03.01.2017 07:00 - 03.01.2017 08:00","20600","22007"
"03.01.2017 08:00 - 03.01.2017 09:00","21368","22699"
"03.01.2017 09:00 - 03.01.2017 10:00","21627","22556"
"03.01.2017 10:00 - 03.01.2017 11:00","21883","22801"
"03.01.2017 11:00 - 03.01.2017 12:00","21930","22754"
"03.01.2017 12:00 - 03.01.2017 13:00","21799","22598"
"03.01.2017 13:00 - 03.01.2017 14:00","21659","22377"
"03.01.2017 14:00 - 03.01.2017 15:00","21777","22561"
"03.01.2017 15:00 - 03.01.2017 16:00","22183","22813"
"03.01.2017 16:00 - 03.01.2017 17:00","22418","22676"
"03.01.2017 17:00 - 03.01.2017 18:00","22356","22651"
"03.01.2017 18:00 - 03.01.2017 19:00","21892","21928"
"03.01.2017 19:00 - 03.01.2017 20:00","21333","21330"
"03.01.2017 20:00 - 03.01.2017 21:00","20583","20746"
"03.01.2017 21:00 - 03.01.2017 22:00","19738","19733"
"03.01.2017 22:00 - 03.01.2017 23:00","18875","18800"
"03.01.2017 23:00 - 04.01.2017 00:00","18061","17987"
"04.01.2017 00:00 - 04.01.2017 01:00","17151","17657"
"04.01.2017 01:00 - 04.01.2017 02:00","16858","17142"
"04.01.2017 02:00 - 04.01.2017 03:00","16770","16914"
"04.01.2017 03:00 - 04.01.2017 04:00","16794","17036"
"04.01.2017 04:00 - 04.01.2017 05:00","16954","17430"
"04.01.2017 05:00 - 04.01.2017 06:00","17642","18165"
"04.01.2017 06:00 - 04.01.2017 07:00","19079","19670"
"04.01.2017 07:00 - 04.01.2017 08:00","20679","21307"
"04.01.2017 08:00 - 04.01.2017 09:00","21685","21988"
"04.01.2017 09:00 - 04.01.2017 10:00","21932","22454"
"04.01.2017 10:00 - 04.01.2017 11:00","22177","22785"
"04.01.2017 11:00 - 04.01.2017 12:00","22373","23128"
"04.01.2017 12:00 - 04.01.2017 13:00","22386","23305"
"04.01.2017 13:00 - 04.01.2017 14:00","22433","23269"
"04.01.2017 14:00 - 04.01.2017 15:00","22537","23444"
"04.01.2017 15:00 - 04.01.2017 16:00","23061","24012"
"04.01.2017 16:00 - 04.01.2017 17:00","23545","24263"
"04.01.2017 17:00 - 04.01.2017 18:00","23693","24434"
"04.01.2017 18:00 - 04.01.2017 19:00","23393","23959"
"04.01.2017 19:00 - 04.01.2017 20:00","22969","23740"
"04.01.2017 20:00 - 04.01.2017 21:00","22374","23151"
"04.01.2017 21:00 - 04.01.2017 22:00","21629","22419"
"04.01.2017 22:00 - 04.01.2017 23:00","20788","21591"
"04.01.2017 23:00 - 05.01.2017 00:00","19929","21154"
"05.01.2017 00:00 - 05.01.2017 01:00","19745","20253"
"05.01.2017 01:00 - 05.01.2017 02:00","19534","20171"
"05.01.2017 02:00 - 05.01.2017 03:00","19437","20222"
"05.01.2017 03:00 - 05.01.2017 04:00","19553","20350"
"05.01.2017 04:00 - 05.01.2017 05:00","19885","20665"
"05.01.2017 05:00 - 05.01.2017 06:00","20613","21599"
"05.01.2017 06:00 - 05.01.2017 07:00","22176","23244"
"05.01.2017 07:00 - 05.01.2017 08:00","23727","24659"
"05.01.2017 08:00 - 05.01.2017 09:00","24489","25628"
"05.01.2017 09:00 - 05.01.2017 10:00","24725","25705"
"05.01.2017 10:00 - 05.01.2017 11:00","24867","26273"
"05.01.2017 11:00 - 05.01.2017 12:00","24959","25875"
"05.01.2017 12:00 - 05.01.2017 13:00","24801","25596"
"05.01.2017 13:00 - 05.01.2017 14:00","24722","25096"
"05.01.2017 14:00 - 05.01.2017 15:00","24838","25346"
"05.01.2017 15:00 - 05.01.2017 16:00","25545","25839"
"05.01.2017 16:00 - 05.01.2017 17:00","26213","26333"
"05.01.2017 17:00 - 05.01.2017 18:00","26341","26618"
"05.01.2017 18:00 - 05.01.2017 19:00","26001","26365"
"05.01.2017 19:00 - 05.01.2017 20:00","25429","25960"
"05.01.2017 20:00 - 05.01.2017 21:00","24882","25034"
"05.01.2017 21:00 - 05.01.2017 22:00","24272","24085"
"05.01.2017 22:00 - 05.01.2017 23:00","23524","23082"
"05.01.2017 23:00 - 06.01.2017 00:00","22720","21956"
"06.01.2017 00:00 - 06.01.2017 01:00","21496","21784"
"06.01.2017 01:00 - 06.01.2017 02:00","21171","21433"
"06.01.2017 02:00 - 06.01.2017 03:00","21024","21092"
"06.01.2017 03:00 - 06.01.2017 04:00","20998","21025"
"06.01.2017 04:00 - 06.01.2017 05:00","21157","21120"
"06.01.2017 05:00 - 06.01.2017 06:00","21692","21565"
"06.01.2017 06:00 - 06.01.2017 07:00","22630","22360"
"06.01.2017 07:00 - 06.01.2017 08:00","23383","23162"
"06.01.2017 08:00 - 06.01.2017 09:00","23931","23559"
"06.01.2017 09:00 - 06.01.2017 10:00","24004","23716"
"06.01.2017 10:00 - 06.01.2017 11:00","24227","24039"
"06.01.2017 11:00 - 06.01.2017 12:00","24399","24067"
"06.01.2017 12:00 - 06.01.2017 13:00","24272","23922"
"06.01.2017 13:00 - 06.01.2017 14:00","24093","23660"
"06.01.2017 14:00 - 06.01.2017 15:00","24066","23599"
"06.01.2017 15:00 - 06.01.2017 16:00","24587","24108"
"06.01.2017 16:00 - 06.01.2017 17:00","25099","24489"
"06.01.2017 17:00 - 06.01.2017 18:00","25238","24397"
"06.01.2017 18:00 - 06.01.2017 19:00","24858","23855"
"06.01.2017 19:00 - 06.01.2017 20:00","24381","23195"
"06.01.2017 20:00 - 06.01.2017 21:00","23683","22306"
"06.01.2017 21:00 - 06.01.2017 22:00","22806","21476"
"06.01.2017 22:00 - 06.01.2017 23:00","21856","20533"
"06.01.2017 23:00 - 07.01.2017 00:00","20987","19803"
"07.01.2017 00:00 - 07.01.2017 01:00","20140","19410"
"07.01.2017 01:00 - 07.01.2017 02:00","19637","19004"
"07.01.2017 02:00 - 07.01.2017 03:00","19301","18829"
"07.01.2017 03:00 - 07.01.2017 04:00","19144","18721"
"07.01.2017 04:00 - 07.01.2017 05:00","19126","18786"
"07.01.2017 05:00 - 07.01.2017 06:00","19286","18750"
"07.01.2017 06:00 - 07.01.2017 07:00","19699","19232"
"07.01.2017 07:00 - 07.01.2017 08:00","20305","19815"
"07.01.2017 08:00 - 07.01.2017 09:00","20896","20615"
"07.01.2017 09:00 - 07.01.2017 10:00","21441","21200"
"07.01.2017 10:00 - 07.01.2017 11:00","21833","21369"
"07.01.2017 11:00 - 07.01.2017 12:00","21885","21525"
"07.01.2017 12:00 - 07.01.2017 13:00","21717","21559"
"07.01.2017 13:00 - 07.01.2017 14:00","21485","21098"
"07.01.2017 14:00 - 07.01.2017 15:00","21414","20893"
"07.01.2017 15:00 - 07.01.2017 16:00","21770","21434"
"07.01.2017 16:00 - 07.01.2017 17:00","22353","22292"
"07.01.2017 17:00 - 07.01.2017 18:00","22516","22147"
"07.01.2017 18:00 - 07.01.2017 19:00","22130","21677"
"07.01.2017 19:00 - 07.01.2017 20:00","21503","21264"
"07.01.2017 20:00 - 07.01.2017 21:00","20841","20947"
"07.01.2017 21:00 - 07.01.2017 22:00","20161","20392"
"07.01.2017 22:00 - 07.01.2017 23:00","19447","19701"
"07.01.2017 23:00 - 08.01.2017 00:00","18766","19102"
"08.01.2017 00:00 - 08.01.2017 01:00","18020","18600"
"08.01.2017 01:00 - 08.01.2017 02:00","17619","18409"
"08.01.2017 02:00 - 08.01.2017 03:00","17390","18159"
"08.01.2017 03:00 - 08.01.2017 04:00","17342","17798"
"08.01.2017 04:00 - 08.01.2017 05:00","17402","17875"
"08.01.2017 05:00 - 08.01.2017 06:00","17573","18173"
"08.01.2017 06:00 - 08.01.2017 07:00","17963","18272"
"08.01.2017 07:00 - 08.01.2017 08:00","18489","18742"
"08.01.2017 08:00 - 08.01.2017 09:00","19030","19367"
"08.01.2017 09:00 - 08.01.2017 10:00","19582","20094"
"08.01.2017 10:00 - 08.01.2017 11:00","20081","20834"
"08.01.2017 11:00 - 08.01.2017 12:00","20313","20865"
"08.01.2017 12:00 - 08.01.2017 13:00","20271","20748"
"08.01.2017 13:00 - 08.01.2017 14:00","20154","20581"
"08.01.2017 14:00 - 08.01.2017 15:00","20065","20721"
"08.01.2017 15:00 - 08.01.2017 16:00","20416","21275"
"08.01.2017 16:00 - 08.01.2017 17:00","21159","21894"
"08.01.2017 17:00 - 08.01.2017 18:00","21428","21787"
"08.01.2017 18:00 - 08.01.2017 19:00","21219","21498"
"08.01.2017 19:00 - 08.01.2017 20:00","20791","20975"
"08.01.2017 20:00 - 08.01.2017 21:00","20195","20343"
"08.01.2017 21:00 - 08.01.2017 22:00","19427","19511"
"08.01.2017 22:00 - 08.01.2017 23:00","18516","18735"
"08.01.2017 23:00 - 09.01.2017 00:00","17628","17815"
"09.01.2017 00:00 - 09.01.2017 01:00","16814","17576"
"09.01.2017 01:00 - 09.01.2017 02:00","16481","17155"
"09.01.2017 02:00 - 09.01.2017 03:00","16307","17056"
"09.01.2017 03:00 - 09.01.2017 04:00","16327","16962"
"09.01.2017 04:00 - 09.01.2017 05:00","16539","17006"
"09.01.2017 05:00 - 09.01.2017 06:00","17345","17904"
"09.01.2017 06:00 - 09.01.2017 07:00","19319","19413"
"09.01.2017 07:00 - 09.01.2017 08:00","21194","21312"
"09.01.2017 08:00 - 09.01.2017 09:00","21660","21560"
"09.01.2017 09:00 - 09.01.2017 10:00","21583","21306"
"09.01.2017 10:00 - 09.01.2017 11:00","21701","21677"
"09.01.2017 11:00 - 09.01.2017 12:00","21674","21739"
"09.01.2017 12:00 - 09.01.2017 13:00","21544","21563"
"09.01.2017 13:00 - 09.01.2017 14:00","21444","21492"
"09.01.2017 14:00 - 09.01.2017 15:00","21451","21600"
"09.01.2017 15:00 - 09.01.2017 16:00","21772","22200"
"09.01.2017 16:00 - 09.01.2017 17:00","22056","22550"
"09.01.2017 17:00 - 09.01.2017 18:00","22203","22404"
"09.01.2017 18:00 - 09.01.2017 19:00","21776","21912"
"09.01.2017 19:00 - 09.01.2017 20:00","21269","21221"
"09.01.2017 20:00 - 09.01.2017 21:00","20553","20091"
"09.01.2017 21:00 - 09.01.2017 22:00","19658","19343"
"09.01.2017 22:00 - 09.01.2017 23:00","18444","18285"
"09.01.2017 23:00 - 10.01.2017 00:00","17334","17350"
"10.01.2017 00:00 - 10.01.2017 01:00","17560","16984"
"10.01.2017 01:00 - 10.01.2017 02:00","17252","16611"
"10.01.2017 02:00 - 10.01.2017 03:00","17145","16601"
"10.01.2017 03:00 - 10.01.2017 04:00","17182","16630"
"10.01.2017 04:00 - 10.01.2017 05:00","17411","16889"
"10.01.2017 05:00 - 10.01.2017 06:00","18118","17868"
"10.01.2017 06:00 - 10.01.2017 07:00","19772","19806"
"10.01.2017 07:00 - 10.01.2017 08:00","21383","21487"
"10.01.2017 08:00 - 10.01.2017 09:00","21778","22104"
"10.01.2017 09:00 - 10.01.2017 10:00","21728","22019"
"10.01.2017 10:00 - 10.01.2017 11:00","21757","22274"
"10.01.2017 11:00 - 10.01.2017 12:00","21720","22310"
"10.01.2017 12:00 - 10.01.2017 13:00","21517","22067"
"10.01.2017 13:00 - 10.01.2017 14:00","21431","22051"
"10.01.2017 14:00 - 10.01.2017 15:00","21476","22092"
"10.01.2017 15:00 - 10.01.2017 16:00","21798","22576"
"10.01.2017 16:00 - 10.01.2017 17:00","22111","22617"
"10.01.2017 17:00 - 10.01.2017 18:00","22296","22695"
"10.01.2017 18:00 - 10.01.2017 19:00","21956","22233"
"10.01.2017 19:00 - 10.01.2017 20:00","21513","21583"
"10.01.2017 20:00 - 10.01.2017 21:00","20896","20993"
"10.01.2017 21:00 - 10.01.2017 22:00","20126","20026"
"10.01.2017 22:00 - 10.01.2017 23:00","19177","18595"
"10.01.2017 23:00 - 11.01.2017 00:00","18223","17676"
"11.01.2017 00:00 - 11.01.2017 01:00","17181","17167"
"11.01.2017 01:00 - 11.01.2017 02:00","16854","16888"
"11.01.2017 02:00 - 11.01.2017 03:00","16721","16781"
"11.01.2017 03:00 - 11.01.2017 04:00","16763","16846"
"11.01.2017 04:00 - 11.01.2017 05:00","17002","16993"
"11.01.2017 05:00 - 11.01.2017 06:00","17775","17867"
"11.01.2017 06:00 - 11.01.2017 07:00","19577","19553"
"11.01.2017 07:00 - 11.01.2017 08:00","21620","21377"
"11.01.2017 08:00 - 11.01.2017 09:00","22034","21576"
"11.01.2017 09:00 - 11.01.2017 10:00","21974","21832"
"11.01.2017 10:00 - 11.01.2017 11:00","22030","22233"
"11.01.2017 11:00 - 11.01.2017 12:00","22017","22245"
"11.01.2017 12:00 - 11.01.2017 13:00","21878","22392"
"11.01.2017 13:00 - 11.01.2017 14:00","21831","22359"
"11.01.2017 14:00 - 11.01.2017 15:00","21903","22440"
"11.01.2017 15:00 - 11.01.2017 16:00","22218","22623"
"11.01.2017 16:00 - 11.01.2017 17:00","22531","22743"
"11.01.2017 17:00 - 11.01.2017 18:00","22718","22817"
"11.01.2017 18:00 - 11.01.2017 19:00","22369","22302"
"11.01.2017 19:00 - 11.01.2017 20:00","21907","21545"
"11.01.2017 20:00 - 11.01.2017 21:00","21227","20788"
"11.01.2017 21:00 - 11.01.2017 22:00","20387","19913"
"11.01.2017 22:00 - 11.01.2017 23:00","19338","18804"
"11.01.2017 23:00 - 12.01.2017 00:00","18299","17964"
"12.01.2017 00:00 - 12.01.2017 01:00","17321","17619"
"12.01.2017 01:00 - 12.01.2017 02:00","16976","17193"
"12.01.2017 02:00 - 12.01.2017 03:00","16827","17075"
"12.01.2017 03:00 - 12.01.2017 04:00","16863","17151"
"12.01.2017 04:00 - 12.01.2017 05:00","17122","17257"
"12.01.2017 05:00 - 12.01.2017 06:00","17959","17929"
"12.01.2017 06:00 - 12.01.2017 07:00","19895","19796"
"12.01.2017 07:00 - 12.01.2017 08:00","21712","21487"
"12.01.2017 08:00 - 12.01.2017 09:00","22106","21728"
"12.01.2017 09:00 - 12.01.2017 10:00","22019","21687"
"12.01.2017 10:00 - 12.01.2017 11:00","22059","21807"
"12.01.2017 11:00 - 12.01.2017 12:00","22007","21780"
"12.01.2017 12:00 - 12.01.2017 13:00","21814","21682"
"12.01.2017 13:00 - 12.01.2017 14:00","21728","21620"
"12.01.2017 14:00 - 12.01.2017 15:00","21763","21598"
"12.01.2017 15:00 - 12.01.2017 16:00","22086","21832"
"12.01.2017 16:00 - 12.01.2017 17:00","22420","22448"
"12.01.2017 17:00 - 12.01.2017 18:00","22636","22520"
"12.01.2017 18:00 - 12.01.2017 19:00","22243","22224"
"12.01.2017 19:00 - 12.01.2017 20:00","21753","21738"
"12.01.2017 20:00 - 12.01.2017 21:00","21078","21173"
"12.01.2017 21:00 - 12.01.2017 22:00","20208","20441"
"12.01.2017 22:00 - 12.01.2017 23:00","19128","19356"
"12.01.2017 23:00 - 13.01.2017 00:00","18062","18467"
"13.01.2017 00:00 - 13.01.2017 01:00","17384","17597"
"13.01.2017 01:00 - 13.01.2017 02:00","17046","17475"
"13.01.2017 02:00 - 13.01.2017 03:00","16925","17361"
"13.01.2017 03:00 - 13.01.2017 04:00","16989","17185"
"13.01.2017 04:00 - 13.01.2017 05:00","17281","17536"
"13.01.2017 05:00 - 13.01.2017 06:00","18148","18397"
"13.01.2017 06:00 - 13.01.2017 07:00","20151","20399"
"13.01.2017 07:00 - 13.01.2017 08:00","22096","22489"
"13.01.2017 08:00 - 13.01.2017 09:00","22616","22840"
"13.01.2017 09:00 - 13.01.2017 10:00","22668","22682"
"13.01.2017 10:00 - 13.01.2017 11:00","22655","22820"
"13.01.2017 11:00 - 13.01.2017 12:00","22448","22652"
"13.01.2017 12:00 - 13.01.2017 13:00","22107","22053"
"13.01.2017 13:00 - 13.01.2017 14:00","21737","21433"
"13.01.2017 14:00 - 13.01.2017 15:00","21539","21127"
"13.01.2017 15:00 - 13.01.2017 16:00","21691","21648"
"13.01.2017 16:00 - 13.01.2017 17:00","22099","22549"
"13.01.2017 17:00 - 13.01.2017 18:00","22392","22512"
"13.01.2017 18:00 - 13.01.2017 19:00","21969","22193"
"13.01.2017 19:00 - 13.01.2017 20:00","21285","21385"
"13.01.2017 20:00 - 13.01.2017 21:00","20423","20362"
"13.01.2017 21:00 - 13.01.2017 22:00","19593","19474"
"13.01.2017 22:00 - 13.01.2017 23:00","18796","18571"
"13.01.2017 23:00 - 14.01.2017 00:00","18000","17878"
"14.01.2017 00:00 - 14.01.2017 01:00","17383","17209"
"14.01.2017 01:00 - 14.01.2017 02:00","17029","16816"
"14.01.2017 02:00 - 14.01.2017 03:00","16879","16689"
"14.01.2017 03:00 - 14.01.2017 04:00","16850","16502"
"14.01.2017 04:00 - 14.01.2017 05:00","16952","16622"
"14.01.2017 05:00 - 14.01.2017 06:00","17224","17005"
"14.01.2017 06:00 - 14.01.2017 07:00","17730","17606"
"14.01.2017 07:00 - 14.01.2017 08:00","18416","18361"
"14.01.2017 08:00 - 14.01.2017 09:00","19064","19479"
"14.01.2017 09:00 - 14.01.2017 10:00","19714","19936"
"14.01.2017 10:00 - 14.01.2017 11:00","20231","20212"
"14.01.2017 11:00 - 14.01.2017 12:00","20366","20431"
"14.01.2017 12:00 - 14.01.2017 13:00","20309","20326"
"14.01.2017 13:00 - 14.01.2017 14:00","20181","20211"
"14.01.2017 14:00 - 14.01.2017 15:00","20122","20027"
"14.01.2017 15:00 - 14.01.2017 16:00","20449","20479"
"14.01.2017 16:00 - 14.01.2017 17:00","21135","21496"
"14.01.2017 17:00 - 14.01.2017 18:00","21514","21777"
"14.01.2017 18:00 - 14.01.2017 19:00","21249","21443"
"14.01.2017 19:00 - 14.01.2017 20:00","20720","20628"
"14.01.2017 20:00 - 14.01.2017 21:00","20108","20133"
"14.01.2017 21:00 - 14.01.2017 22:00","19472","19553"
"14.01.2017 22:00 - 14.01.2017 23:00","18858","18727"
"14.01.2017 23:00 - 15.01.2017 00:00","18248","18263"
"15.01.2017 00:00 - 15.01.2017 01:00","17536","17438"
"15.01.2017 01:00 - 15.01.2017 02:00","17255","17265"
"15.01.2017 02:00 - 15.01.2017 03:00","17116","17177"
"15.01.2017 03:00 - 15.01.2017 04:00","17086","17222"
"15.01.2017 04:00 - 15.01.2017 05:00","17175","17385"
"15.01.2017 05:00 - 15.01.2017 06:00","17394","17709"
"15.01.2017 06:00 - 15.01.2017 07:00","17793","18180"
"15.01.2017 07:00 - 15.01.2017 08:00","18325","18856"
"15.01.2017 08:00 - 15.01.2017 09:00","18856","19553"
"15.01.2017 09:00 - 15.01.2017 10:00","19446","20186"
"15.01.2017 10:00 - 15.01.2017 11:00","20009","20695"
"15.01.2017 11:00 - 15.01.2017 12:00","20344","20838"
"15.01.2017 12:00 - 15.01.2017 13:00","20350","20714"
"15.01.2017 13:00 - 15.01.2017 14:00","20246","20577"
"15.01.2017 14:00 - 15.01.2017 15:00","20216","20505"
"15.01.2017 15:00 - 15.01.2017 16:00","20583","20914"
"15.01.2017 16:00 - 15.01.2017 17:00","21344","21856"
"15.01.2017 17:00 - 15.01.2017 18:00","21811","22375"
"15.01.2017 18:00 - 15.01.2017 19:00","21762","22099"
"15.01.2017 19:00 - 15.01.2017 20:00","21476","21772"
"15.01.2017 20:00 - 15.01.2017 21:00","20980","21348"
"15.01.2017 21:00 - 15.01.2017 22:00","20338","20709"
"15.01.2017 22:00 - 15.01.2017 23:00","19607","19874"
"15.01.2017 23:00 - 16.01.2017 00:00","18919","19043"
"16.01.2017 00:00 - 16.01.2017 01:00","19828","18596"
"16.01.2017 01:00 - 16.01.2017 02:00","19650","18469"
"16.01.2017 02:00 - 16.01.2017 03:00","19599","18354"
"16.01.2017 03:00 - 16.01.2017 04:00","19717","18647"
"16.01.2017 04:00 - 16.01.2017 05:00","20045","19006"
"16.01.2017 05:00 - 16.01.2017 06:00","20909","20181"
"16.01.2017 06:00 - 16.01.2017 07:00","22881","23013"
"16.01.2017 07:00 - 16.01.2017 08:00","24769","24343"
"16.01.2017 08:00 - 16.01.2017 09:00","25213","24258"
"16.01.2017 09:00 - 16.01.2017 10:00","25157","24270"
"16.01.2017 10:00 - 16.01.2017 11:00","25225","24265"
"16.01.2017 11:00 - 16.01.2017 12:00","25162","23919"
"16.01.2017 12:00 - 16.01.2017 13:00","24972","23696"
"16.01.2017 13:00 - 16.01.2017 14:00","24821","23301"
"16.01.2017 14:00 - 16.01.2017 15:00","24781","23245"
"16.01.2017 15:00 - 16.01.2017 16:00","25034","23708"
"16.01.2017 16:00 - 16.01.2017 17:00","25398","23951"
"16.01.2017 17:00 - 16.01.2017 18:00","25741","24123"
"16.01.2017 18:00 - 16.01.2017 19:00","25423","23687"
"16.01.2017 19:00 - 16.01.2017 20:00","25005","23266"
"16.01.2017 20:00 - 16.01.2017 21:00","24367","22691"
"16.01.2017 21:00 - 16.01.2017 22:00","23565","21981"
"16.01.2017 22:00 - 16.01.2017 23:00","22549","20635"
"16.01.2017 23:00 - 17.01.2017 00:00","21533","19739"
"17.01.2017 00:00 - 17.01.2017 01:00","19762","19012"
"17.01.2017 01:00 - 17.01.2017 02:00","19497","18759"
"17.01.2017 02:00 - 17.01.2017 03:00","19419","18698"
"17.01.2017 03:00 - 17.01.2017 04:00","19503","18703"
"17.01.2017 04:00 - 17.01.2017 05:00","20184","18838"
"17.01.2017 05:00 - 17.01.2017 06:00","21225","19860"
"17.01.2017 06:00 - 17.01.2017 07:00","23195","22140"
"17.01.2017 07:00 - 17.01.2017 08:00","25084","23844"
"17.01.2017 08:00 - 17.01.2017 09:00","25457","24055"
"17.01.2017 09:00 - 17.01.2017 10:00","25237","23724"
"17.01.2017 10:00 - 17.01.2017 11:00","25144","23543"
"17.01.2017 11:00 - 17.01.2017 12:00","24914","23563"
"17.01.2017 12:00 - 17.01.2017 13:00","24462","23123"
"17.01.2017 13:00 - 17.01.2017 14:00","24250","23153"
"17.01.2017 14:00 - 17.01.2017 15:00","24162","23091"
"17.01.2017 15:00 - 17.01.2017 16:00","24362","23178"
"17.01.2017 16:00 - 17.01.2017 17:00","24700","23669"
"17.01.2017 17:00 - 17.01.2017 18:00","24982","23759"
"17.01.2017 18:00 - 17.01.2017 19:00","24555","23066"
"17.01.2017 19:00 - 17.01.2017 20:00","24003","22568"
"17.01.2017 20:00 - 17.01.2017 21:00","23239","21966"
"17.01.2017 21:00 - 17.01.2017 22:00","22062","20814"
"17.01.2017 22:00 - 17.01.2017 23:00","20844","19669"
"17.01.2017 23:00 - 18.01.2017 00:00","19624","18665"
"18.01.2017 00:00 - 18.01.2017 01:00","18235","17877"
"18.01.2017 01:00 - 18.01.2017 02:00","17832","17642"
"18.01.2017 02:00 - 18.01.2017 03:00","17646","17662"
"18.01.2017 03:00 - 18.01.2017 04:00","17621","17789"
"18.01.2017 04:00 - 18.01.2017 05:00","17821","17967"
"18.01.2017 05:00 - 18.01.2017 06:00","18670","18835"
"18.01.2017 06:00 - 18.01.2017 07:00","20731","20658"
"18.01.2017 07:00 - 18.01.2017 08:00","22434","21978"
"18.01.2017 08:00 - 18.01.2017 09:00","22950","22342"
"18.01.2017 09:00 - 18.01.2017 10:00","22828","22413"
"18.01.2017 10:00 - 18.01.2017 11:00","22840","22388"
"18.01.2017 11:00 - 18.01.2017 12:00","22734","22317"
"18.01.2017 12:00 - 18.01.2017 13:00","22574","22220"
"18.01.2017 13:00 - 18.01.2017 14:00","22432","22134"
"18.01.2017 14:00 - 18.01.2017 15:00","22377","22036"
"18.01.2017 15:00 - 18.01.2017 16:00","22587","22151"
"18.01.2017 16:00 - 18.01.2017 17:00","22865","22502"
"18.01.2017 17:00 - 18.01.2017 18:00","23095","22657"
"18.01.2017 18:00 - 18.01.2017 19:00","22688","22017"
"18.01.2017 19:00 - 18.01.2017 20:00","22077","21393"
"18.01.2017 20:00 - 18.01.2017 21:00","21249","20661"
"18.01.2017 21:00 - 18.01.2017 22:00","20331","19619"
"18.01.2017 22:00 - 18.01.2017 23:00","18917","18383"
"18.01.2017 23:00 - 19.01.2017 00:00","17810","17080"
"19.01.2017 00:00 - 19.01.2017 01:00","17073","16454"
"19.01.2017 01:00 - 19.01.2017 02:00","16731","16226"
"19.01.2017 02:00 - 19.01.2017 03:00","16599","16186"
"19.01.2017 03:00 - 19.01.2017 04:00","16648","16143"
"19.01.2017 04:00 - 19.01.2017 05:00","16898","16141"
"19.01.2017 05:00 - 19.01.2017 06:00","17687","17120"
"19.01.2017 06:00 - 19.01.2017 07:00","19859","18953"
"19.01.2017 07:00 - 19.01.2017 08:00","21588","20679"
"19.01.2017 08:00 - 19.01.2017 09:00","22257","21280"
"19.01.2017 09:00 - 19.01.2017 10:00","21972","21275"
"19.01.2017 10:00 - 19.01.2017 11:00","21895","21321"
"19.01.2017 11:00 - 19.01.2017 12:00","21495","21395"
"19.01.2017 12:00 - 19.01.2017 13:00","21236","21159"
"19.01.2017 13:00 - 19.01.2017 14:00","21075","21030"
"19.01.2017 14:00 - 19.01.2017 15:00","21026","21002"
"19.01.2017 15:00 - 19.01.2017 16:00","21251","21261"
"19.01.2017 16:00 - 19.01.2017 17:00","21599","21611"
"19.01.2017 17:00 - 19.01.2017 18:00","21908","22085"
"19.01.2017 18:00 - 19.01.2017 19:00","21553","21551"
"19.01.2017 19:00 - 19.01.2017 20:00","21097","21155"
"19.01.2017 20:00 - 19.01.2017 21:00","20437","20436"
"19.01.2017 21:00 - 19.01.2017 22:00","19607","19701"
"19.01.2017 22:00 - 19.01.2017 23:00","18569","18471"
"19.01.2017 23:00 - 20.01.2017 00:00","17537","17469"
"20.01.2017 00:00 - 20.01.2017 01:00","16824","16957"
"20.01.2017 01:00 - 20.01.2017 02:00","16515","16467"
"20.01.2017 02:00 - 20.01.2017 03:00","16401","16463"
"20.01.2017 03:00 - 20.01.2017 04:00","16449","16290"
"20.01.2017 04:00 - 20.01.2017 05:00","16700","16302"
"20.01.2017 05:00 - 20.01.2017 06:00","17465","17305"
"20.01.2017 06:00 - 20.01.2017 07:00","19323","19198"
"20.01.2017 07:00 - 20.01.2017 08:00","21141","20791"
"20.01.2017 08:00 - 20.01.2017 09:00","21644","21008"
"20.01.2017 09:00 - 20.01.2017 10:00","21688","20967"
"20.01.2017 10:00 - 20.01.2017 11:00","21628","20750"
"20.01.2017 11:00 - 20.01.2017 12:00","21420","20374"
"20.01.2017 12:00 - 20.01.2017 13:00","21030","19856"
"20.01.2017 13:00 - 20.01.2017 14:00","20650","19796"
"20.01.2017 14:00 - 20.01.2017 15:00","20403","19428"
"20.01.2017 15:00 - 20.01.2017 16:00","20478","19327"
"20.01.2017 16:00 - 20.01.2017 17:00","20916","20122"
"20.01.2017 17:00 - 20.01.2017 18:00","21302","20644"
"20.01.2017 18:00 - 20.01.2017 19:00","20927","20030"
"20.01.2017 19:00 - 20.01.2017 20:00","20279","19561"
"20.01.2017 20:00 - 20.01.2017 21:00","19458","18887"
"20.01.2017 21:00 - 20.01.2017 22:00","18679","18193"
"20.01.2017 22:00 - 20.01.2017 23:00","17906","17732"
"20.01.2017 23:00 - 21.01.2017 00:00","17156","17017"
"21.01.2017 00:00 - 21.01.2017 01:00","16198","16435"
"21.01.2017 01:00 - 21.01.2017 02:00","15878","15965"
"21.01.2017 02:00 - 21.01.2017 03:00","15719","15568"
"21.01.2017 03:00 - 21.01.2017 04:00","15705","15723"
"21.01.2017 04:00 - 21.01.2017 05:00","15805","16031"
"21.01.2017 05:00 - 21.01.2017 06:00","16066","16363"
"21.01.2017 06:00 - 21.01.2017 07:00","16563","16910"
"21.01.2017 07:00 - 21.01.2017 08:00","17223","17772"
"21.01.2017 08:00 - 21.01.2017 09:00","17876","18411"
"21.01.2017 09:00 - 21.01.2017 10:00","18538","19026"
"21.01.2017 10:00 - 21.01.2017 11:00","18989","19446"
"21.01.2017 11:00 - 21.01.2017 12:00","19062","19237"
"21.01.2017 12:00 - 21.01.2017 13:00","18897","19162"
"21.01.2017 13:00 - 21.01.2017 14:00","18689","18730"
"21.01.2017 14:00 - 21.01.2017 15:00","18635","18430"
"21.01.2017 15:00 - 21.01.2017 16:00","18899","18814"
"21.01.2017 16:00 - 21.01.2017 17:00","19661","19751"
"21.01.2017 17:00 - 21.01.2017 18:00","20209","20281"
"21.01.2017 18:00 - 21.01.2017 19:00","19980","20047"
"21.01.2017 19:00 - 21.01.2017 20:00","19474","19681"
"21.01.2017 20:00 - 21.01.2017 21:00","18833","19011"
"21.01.2017 21:00 - 21.01.2017 22:00","18195","18544"
"21.01.2017 22:00 - 21.01.2017 23:00","17558","17929"
"21.01.2017 23:00 - 22.01.2017 00:00","16918","17082"
"22.01.2017 00:00 - 22.01.2017 01:00","16143","16658"
"22.01.2017 01:00 - 22.01.2017 02:00","15827","16522"
"22.01.2017 02:00 - 22.01.2017 03:00","15657","16454"
"22.01.2017 03:00 - 22.01.2017 04:00","15604","16431"
"22.01.2017 04:00 - 22.01.2017 05:00","15668","16450"
"22.01.2017 05:00 - 22.01.2017 06:00","15864","16426"
"22.01.2017 06:00 - 22.01.2017 07:00","16240","16927"
"22.01.2017 07:00 - 22.01.2017 08:00","16733","17571"
"22.01.2017 08:00 - 22.01.2017 09:00","17193","18068"
"22.01.2017 09:00 - 22.01.2017 10:00","17782","18816"
"22.01.2017 10:00 - 22.01.2017 11:00","18273","19483"
"22.01.2017 11:00 - 22.01.2017 12:00","18559","19988"
"22.01.2017 12:00 - 22.01.2017 13:00","18581","19824"
"22.01.2017 13:00 - 22.01.2017 14:00","18535","19586"
"22.01.2017 14:00 - 22.01.2017 15:00","18520","19565"
"22.01.2017 15:00 - 22.01.2017 16:00","18823","19680"
"22.01.2017 16:00 - 22.01.2017 17:00","19538","20281"
"22.01.2017 17:00 - 22.01.2017 18:00","20065","20683"
"22.01.2017 18:00 - 22.01.2017 19:00","20009","20623"
"22.01.2017 19:00 - 22.01.2017 20:00","19690","20350"
"22.01.2017 20:00 - 22.01.2017 21:00","19176","19693"
"22.01.2017 21:00 - 22.01.2017 22:00","18513","18811"
"22.01.2017 22:00 - 22.01.2017 23:00","17722","17925"
"22.01.2017 23:00 - 23.01.2017 00:00","16975","17400"
"23.01.2017 00:00 - 23.01.2017 01:00","16652","16445"
"23.01.2017 01:00 - 23.01.2017 02:00","16441","16149"
"23.01.2017 02:00 - 23.01.2017 03:00","16357","16097"
"23.01.2017 03:00 - 23.01.2017 04:00","16425","16319"
"23.01.2017 04:00 - 23.01.2017 05:00","16891","16399"
"23.01.2017 05:00 - 23.01.2017 06:00","17642","17583"
"23.01.2017 06:00 - 23.01.2017 07:00","19513","19565"
"23.01.2017 07:00 - 23.01.2017 08:00","21223","21144"
"23.01.2017 08:00 - 23.01.2017 09:00","21614","21886"
"23.01.2017 09:00 - 23.01.2017 10:00","21587","21786"
"23.01.2017 10:00 - 23.01.2017 11:00","21364","21877"
"23.01.2017 11:00 - 23.01.2017 12:00","21324","21658"
"23.01.2017 12:00 - 23.01.2017 13:00","21139","21347"
"23.01.2017 13:00 - 23.01.2017 14:00","20987","21259"
"23.01.2017 14:00 - 23.01.2017 15:00","20980","21188"
"23.01.2017 15:00 - 23.01.2017 16:00","21241","21183"
"23.01.2017 16:00 - 23.01.2017 17:00","21593","21876"
"23.01.2017 17:00 - 23.01.2017 18:00","21994","22625"
"23.01.2017 18:00 - 23.01.2017 19:00","21738","22088"
"23.01.2017 19:00 - 23.01.2017 20:00","21341","21735"
"23.01.2017 20:00 - 23.01.2017 21:00","20758","20819"
"23.01.2017 21:00 - 23.01.2017 22:00","20010","20058"
"23.01.2017 22:00 - 23.01.2017 23:00","19083","19136"
"23.01.2017 23:00 - 24.01.2017 00:00","18146","18207"
"24.01.2017 00:00 - 24.01.2017 01:00","17891","17490"
"24.01.2017 01:00 - 24.01.2017 02:00","17576","17247"
"24.01.2017 02:00 - 24.01.2017 03:00","17465","17402"
"24.01.2017 03:00 - 24.01.2017 04:00","17538","17501"
"24.01.2017 04:00 - 24.01.2017 05:00","17807","17628"
"24.01.2017 05:00 - 24.01.2017 06:00","18679","18630"
"24.01.2017 06:00 - 24.01.2017 07:00","20524","20551"
"24.01.2017 07:00 - 24.01.2017 08:00","22271","22564"
"24.01.2017 08:00 - 24.01.2017 09:00","22665","22649"
"24.01.2017 09:00 - 24.01.2017 10:00","22519","22421"
"24.01.2017 10:00 - 24.01.2017 11:00","22531","22349"
"24.01.2017 11:00 - 24.01.2017 12:00","22398","22636"
"24.01.2017 12:00 - 24.01.2017 13:00","22126","21998"
"24.01.2017 13:00 - 24.01.2017 14:00","21947","21911"
"24.01.2017 14:00 - 24.01.2017 15:00","21904","21983"
"24.01.2017 15:00 - 24.01.2017 16:00","22168","22133"
"24.01.2017 16:00 - 24.01.2017 17:00","22567","22783"
"24.01.2017 17:00 - 24.01.2017 18:00","23043","23105"
"24.01.2017 18:00 - 24.01.2017 19:00","22765","22346"
"24.01.2017 19:00 - 24.01.2017 20:00","22320","22080"
"24.01.2017 20:00 - 24.01.2017 21:00","21672","21573"
"24.01.2017 21:00 - 24.01.2017 22:00","20849","20631"
"24.01.2017 22:00 - 24.01.2017 23:00","19796","19429"
"24.01.2017 23:00 - 25.01.2017 00:00","18733","18395"
"25.01.2017 00:00 - 25.01.2017 01:00","17692","17681"
"25.01.2017 01:00 - 25.01.2017 02:00","17345","17312"
"25.01.2017 02:00 - 25.01.2017 03:00","17207","17208"
"25.01.2017 03:00 - 25.01.2017 04:00","17239","17191"
"25.01.2017 04:00 - 25.01.2017 05:00","17458","17348"
"25.01.2017 05:00 - 25.01.2017 06:00","18166","17956"
"25.01.2017 06:00 - 25.01.2017 07:00","19901","20075"
"25.01.2017 07:00 - 25.01.2017 08:00","21531","22107"
"25.01.2017 08:00 - 25.01.2017 09:00","21860","22152"
"25.01.2017 09:00 - 25.01.2017 10:00","21799","21798"
"25.01.2017 10:00 - 25.01.2017 11:00","21833","22011"
"25.01.2017 11:00 - 25.01.2017 12:00","21736","21833"
"25.01.2017 12:00 - 25.01.2017 13:00","21573","21420"
"25.01.2017 13:00 - 25.01.2017 14:00","21429","21189"
"25.01.2017 14:00 - 25.01.2017 15:00","21379","21233"
"25.01.2017 15:00 - 25.01.2017 16:00","21544","21606"
"25.01.2017 16:00 - 25.01.2017 17:00","21842","21965"
"25.01.2017 17:00 - 25.01.2017 18:00","22223","22101"
"25.01.2017 18:00 - 25.01.2017 19:00","21924","21688"
"25.01.2017 19:00 - 25.01.2017 20:00","21493","20991"
"25.01.2017 20:00 - 25.01.2017 21:00","20855","20303"
"25.01.2017 21:00 - 25.01.2017 22:00","20064","19483"
"25.01.2017 22:00 - 25.01.2017 23:00","19071","18363"
"25.01.2017 23:00 - 26.01.2017 00:00","18068","17012"
"26.01.2017 00:00 - 26.01.2017 01:00","17411","16589"
"26.01.2017 01:00 - 26.01.2017 02:00","17174","16081"
"26.01.2017 02:00 - 26.01.2017 03:00","17034","15930"
"26.01.2017 03:00 - 26.01.2017 04:00","17082","16219"
"26.01.2017 04:00 - 26.01.2017 05:00","17333","16484"
"26.01.2017 05:00 - 26.01.2017 06:00","18068","17491"
"26.01.2017 06:00 - 26.01.2017 07:00","19940","19124"
"26.01.2017 07:00 - 26.01.2017 08:00","21623","20977"
"26.01.2017 08:00 - 26.01.2017 09:00","22012","21284"
"26.01.2017 09:00 - 26.01.2017 10:00","21894","21115"
"26.01.2017 10:00 - 26.01.2017 11:00","21945","21294"
"26.01.2017 11:00 - 26.01.2017 12:00","21838","21098"
"26.01.2017 12:00 - 26.01.2017 13:00","21632","20744"
"26.01.2017 13:00 - 26.01.2017 14:00","21473","20576"
"26.01.2017 14:00 - 26.01.2017 15:00","21407","20880"
"26.01.2017 15:00 - 26.01.2017 16:00","21626","21002"
"26.01.2017 16:00 - 26.01.2017 17:00","22154","21413"
"26.01.2017 17:00 - 26.01.2017 18:00","22685","22049"
"26.01.2017 18:00 - 26.01.2017 19:00","22479","21713"
"26.01.2017 19:00 - 26.01.2017 20:00","21875","21317"
"26.01.2017 20:00 - 26.01.2017 21:00","21257","20994"
"26.01.2017 21:00 - 26.01.2017 22:00","20474","20367"
"26.01.2017 22:00 - 26.01.2017 23:00","19486","19053"
"26.01.2017 23:00 - 27.01.2017 00:00","18489","18071"
"27.01.2017 00:00 - 27.01.2017 01:00","17514","17242"
"27.01.2017 01:00 - 27.01.2017 02:00","17215","16868"
"27.01.2017 02:00 - 27.01.2017 03:00","17149","16719"
"27.01.2017 03:00 - 27.01.2017 04:00","17233","16947"
"27.01.2017 04:00 - 27.01.2017 05:00","17521","17083"
"27.01.2017 05:00 - 27.01.2017 06:00","18305","18297"
"27.01.2017 06:00 - 27.01.2017 07:00","20117","20295"
"27.01.2017 07:00 - 27.01.2017 08:00","21876","21996"
"27.01.2017 08:00 - 27.01.2017 09:00","22347","22340"
"27.01.2017 09:00 - 27.01.2017 10:00","22414","22219"
"27.01.2017 10:00 - 27.01.2017 11:00","22399","22079"
"27.01.2017 11:00 - 27.01.2017 12:00","22171","21651"
"27.01.2017 12:00 - 27.01.2017 13:00","21769","21316"
"27.01.2017 13:00 - 27.01.2017 14:00","21308","20949"
"27.01.2017 14:00 - 27.01.2017 15:00","21095","20623"
"27.01.2017 15:00 - 27.01.2017 16:00","21160","20820"
"27.01.2017 16:00 - 27.01.2017 17:00","21599","21474"
"27.01.2017 17:00 - 27.01.2017 18:00","22141","21986"
"27.01.2017 18:00 - 27.01.2017 19:00","21889","21809"
"27.01.2017 19:00 - 27.01.2017 20:00","21293","21203"
"27.01.2017 20:00 - 27.01.2017 21:00","20532","20254"
"27.01.2017 21:00 - 27.01.2017 22:00","19772","19332"
"27.01.2017 22:00 - 27.01.2017 23:00","19038","18442"
"27.01.2017 23:00 - 28.01.2017 00:00","18340","17786"
"28.01.2017 00:00 - 28.01.2017 01:00","17379","17051"
"28.01.2017 01:00 - 28.01.2017 02:00","17050","16874"
"28.01.2017 02:00 - 28.01.2017 03:00","16898","16800"
"28.01.2017 03:00 - 28.01.2017 04:00","16871","16802"
"28.01.2017 04:00 - 28.01.2017 05:00","16975","16875"
"28.01.2017 05:00 - 28.01.2017 06:00","17236","17110"
"28.01.2017 06:00 - 28.01.2017 07:00","17751","17841"
"28.01.2017 07:00 - 28.01.2017 08:00","18396","18731"
"28.01.2017 08:00 - 28.01.2017 09:00","19050","19190"
"28.01.2017 09:00 - 28.01.2017 10:00","19732","19948"
"28.01.2017 10:00 - 28.01.2017 11:00","20150","20299"
"28.01.2017 11:00 - 28.01.2017 12:00","20200","20305"
"28.01.2017 12:00 - 28.01.2017 13:00","19915","20161"
"28.01.2017 13:00 - 28.01.2017 14:00","19612","19819"
"28.01.2017 14:00 - 28.01.2017 15:00","19440","19487"
"28.01.2017 15:00 - 28.01.2017 16:00","19659","19689"
"28.01.2017 16:00 - 28.01.2017 17:00","20415","20690"
"28.01.2017 17:00 - 28.01.2017 18:00","21181","21189"
"28.01.2017 18:00 - 28.01.2017 19:00","21120","20800"
"28.01.2017 19:00 - 28.01.2017 20:00","20650","20264"
"28.01.2017 20:00 - 28.01.2017 21:00","20052","19801"
"28.01.2017 21:00 - 28.01.2017 22:00","19463","19008"
"28.01.2017 22:00 - 28.01.2017 23:00","18898","18211"
"28.01.2017 23:00 - 29.01.2017 00:00","18319","17521"
"29.01.2017 00:00 - 29.01.2017 01:00","17584","17174"
"29.01.2017 01:00 - 29.01.2017 02:00","17268","16965"
"29.01.2017 02:00 - 29.01.2017 03:00","17106","16744"
"29.01.2017 03:00 - 29.01.2017 04:00","17043","16650"
"29.01.2017 04:00 - 29.01.2017 05:00","17101","16632"
"29.01.2017 05:00 - 29.01.2017 06:00","17285","16817"
"29.01.2017 06:00 - 29.01.2017 07:00","17650","17542"
"29.01.2017 07:00 - 29.01.2017 08:00","18115","18176"
"29.01.2017 08:00 - 29.01.2017 09:00","18590","18617"
"29.01.2017 09:00 - 29.01.2017 10:00","19177","19275"
"29.01.2017 10:00 - 29.01.2017 11:00","19598","19515"
"29.01.2017 11:00 - 29.01.2017 12:00","19792","19795"
"29.01.2017 12:00 - 29.01.2017 13:00","19760","20139"
"29.01.2017 13:00 - 29.01.2017 14:00","19615","20302"
"29.01.2017 14:00 - 29.01.2017 15:00","19527","20190"
"29.01.2017 15:00 - 29.01.2017 16:00","19781","20487"
"29.01.2017 16:00 - 29.01.2017 17:00","20433","20921"
"29.01.2017 17:00 - 29.01.2017 18:00","21017","21256"
"29.01.2017 18:00 - 29.01.2017 19:00","20999","21075"
"29.01.2017 19:00 - 29.01.2017 20:00","20668","20739"
"29.01.2017 20:00 - 29.01.2017 21:00","20119","19991"
"29.01.2017 21:00 - 29.01.2017 22:00","19412","19192"
"29.01.2017 22:00 - 29.01.2017 23:00","18565","18176"
"29.01.2017 23:00 - 30.01.2017 00:00","17764","17613"
"30.01.2017 00:00 - 30.01.2017 01:00","17059","16810"
"30.01.2017 01:00 - 30.01.2017 02:00","16797","16574"
"30.01.2017 02:00 - 30.01.2017 03:00","16677","16591"
"30.01.2017 03:00 - 30.01.2017 04:00","16719","16430"
"30.01.2017 04:00 - 30.01.2017 05:00","16967","16622"
"30.01.2017 05:00 - 30.01.2017 06:00","17762","17506"
"30.01.2017 06:00 - 30.01.2017 07:00","19656","19543"
"30.01.2017 07:00 - 30.01.2017 08:00","21465","21862"
"30.01.2017 08:00 - 30.01.2017 09:00","21851","21709"
"30.01.2017 09:00 - 30.01.2017 10:00","21808","21798"
"30.01.2017 10:00 - 30.01.2017 11:00","21814","21763"
"30.01.2017 11:00 - 30.01.2017 12:00","21633","21603"
"30.01.2017 12:00 - 30.01.2017 13:00","21334","21294"
"30.01.2017 13:00 - 30.01.2017 14:00","21198","21136"
"30.01.2017 14:00 - 30.01.2017 15:00","21199","20909"
"30.01.2017 15:00 - 30.01.2017 16:00","21426","20979"
"30.01.2017 16:00 - 30.01.2017 17:00","21813","21332"
"30.01.2017 17:00 - 30.01.2017 18:00","22335","22016"
"30.01.2017 18:00 - 30.01.2017 19:00","22106","21553"
"30.01.2017 19:00 - 30.01.2017 20:00","21658","21153"
"30.01.2017 20:00 - 30.01.2017 21:00","21028","20403"
"30.01.2017 21:00 - 30.01.2017 22:00","20216","19409"
"30.01.2017 22:00 - 30.01.2017 23:00","19200","18232"
"30.01.2017 23:00 - 31.01.2017 00:00","18183","17262"
"31.01.2017 00:00 - 31.01.2017 01:00","17415","16979"
"31.01.2017 01:00 - 31.01.2017 02:00","17084","16585"
"31.01.2017 02:00 - 31.01.2017 03:00","16961","16590"
"31.01.2017 03:00 - 31.01.2017 04:00","17013","16762"
"31.01.2017 04:00 - 31.01.2017 05:00","17267","17178"
"31.01.2017 05:00 - 31.01.2017 06:00","18061","17816"
"31.01.2017 06:00 - 31.01.2017 07:00","19970","20078"
"31.01.2017 07:00 - 31.01.2017 08:00","21772","21880"
"31.01.2017 08:00 - 31.01.2017 09:00","22128","22227"
"31.01.2017 09:00 - 31.01.2017 10:00","22061","22129"
"31.01.2017 10:00 - 31.01.2017 11:00","22026","22480"
"31.01.2017 11:00 - 31.01.2017 12:00","21848","22469"
"31.01.2017 12:00 - 31.01.2017 13:00","21585","22126"
"31.01.2017 13:00 - 31.01.2017 14:00","21409","22035"
"31.01.2017 14:00 - 31.01.2017 15:00","21486","22030"
"31.01.2017 15:00 - 31.01.2017 16:00","21699","21715"
"31.01.2017 16:00 - 31.01.2017 17:00","22031","22064"
"31.01.2017 17:00 - 31.01.2017 18:00","22587","22764"
"31.01.2017 18:00 - 31.01.2017 19:00","22336","22481"
"31.01.2017 19:00 - 31.01.2017 20:00","21865","21668"
"31.01.2017 20:00 - 31.01.2017 21:00","21226","21004"
"31.01.2017 21:00 - 31.01.2017 22:00","20398","20163"
"31.01.2017 22:00 - 31.01.2017 23:00","19334","19004"
"31.01.2017 23:00 - 01.02.2017 00:00","18259","17826"
"01.02.2017 00:00 - 01.02.2017 01:00","17352","16856"
"01.02.2017 01:00 - 01.02.2017 02:00","17064","16664"
"01.02.2017 02:00 - 01.02.2017 03:00","16965","16651"
"01.02.2017 03:00 - 01.02.2017 04:00","17039","16803"
"01.02.2017 04:00 - 01.02.2017 05:00","17293","17201"
"01.02.2017 05:00 - 01.02.2017 06:00","18067","18095"
"01.02.2017 06:00 - 01.02.2017 07:00","19888","20246"
"01.02.2017 07:00 - 01.02.2017 08:00","21601","21835"
"01.02.2017 08:00 - 01.02.2017 09:00","21995","21702"
"01.02.2017 09:00 - 01.02.2017 10:00","21988","21713"
"01.02.2017 10:00 - 01.02.2017 11:00","22030","22011"
"01.02.2017 11:00 - 01.02.2017 12:00","21896","22094"
"01.02.2017 12:00 - 01.02.2017 13:00","21686","22059"
"01.02.2017 13:00 - 01.02.2017 14:00","21563","21974"
"01.02.2017 14:00 - 01.02.2017 15:00","21549","22116"
"01.02.2017 15:00 - 01.02.2017 16:00","21738","22345"
"01.02.2017 16:00 - 01.02.2017 17:00","22056","22541"
"01.02.2017 17:00 - 01.02.2017 18:00","22601","22906"
"01.02.2017 18:00 - 01.02.2017 19:00","22389","22519"
"01.02.2017 19:00 - 01.02.2017 20:00","21935","21967"
"01.02.2017 20:00 - 01.02.2017 21:00","21313","21223"
"01.02.2017 21:00 - 01.02.2017 22:00","20498","20170"
"01.02.2017 22:00 - 01.02.2017 23:00","19482","19019"
"01.02.2017 23:00 - 02.02.2017 00:00","18453","18177"
"02.02.2017 00:00 - 02.02.2017 01:00","17513","17336"
"02.02.2017 01:00 - 02.02.2017 02:00","17182","16944"
"02.02.2017 02:00 - 02.02.2017 03:00","17078","16855"
"02.02.2017 03:00 - 02.02.2017 04:00","17150","16928"
"02.02.2017 04:00 - 02.02.2017 05:00","17411","17253"
"02.02.2017 05:00 - 02.02.2017 06:00","18208","18100"
"02.02.2017 06:00 - 02.02.2017 07:00","20122","19890"
"02.02.2017 07:00 - 02.02.2017 08:00","21890","21736"
"02.02.2017 08:00 - 02.02.2017 09:00","22307","21890"
"02.02.2017 09:00 - 02.02.2017 10:00","22272","21729"
"02.02.2017 10:00 - 02.02.2017 11:00","22288","22062"
"02.02.2017 11:00 - 02.02.2017 12:00","22166","21967"
"02.02.2017 12:00 - 02.02.2017 13:00","21956","21985"
"02.02.2017 13:00 - 02.02.2017 14:00","21788","22020"
"02.02.2017 14:00 - 02.02.2017 15:00","21758","21865"
"02.02.2017 15:00 - 02.02.2017 16:00","21946","22016"
"02.02.2017 16:00 - 02.02.2017 17:00","22225","22281"
"02.02.2017 17:00 - 02.02.2017 18:00","22801","22535"
"02.02.2017 18:00 - 02.02.2017 19:00","22602","21912"
"02.02.2017 19:00 - 02.02.2017 20:00","22133","21503"
"02.02.2017 20:00 - 02.02.2017 21:00","21481","20845"
"02.02.2017 21:00 - 02.02.2017 22:00","20642","19916"
"02.02.2017 22:00 - 02.02.2017 23:00","19574","18902"
"02.02.2017 23:00 - 03.02.2017 00:00","18506","17974"
"03.02.2017 00:00 - 03.02.2017 01:00","17585","17211"
"03.02.2017 01:00 - 03.02.2017 02:00","17245","16917"
"03.02.2017 02:00 - 03.02.2017 03:00","17125","16795"
"03.02.2017 03:00 - 03.02.2017 04:00","17194","16873"
"03.02.2017 04:00 - 03.02.2017 05:00","17471","17235"
"03.02.2017 05:00 - 03.02.2017 06:00","18303","18041"
"03.02.2017 06:00 - 03.02.2017 07:00","20313","20282"
"03.02.2017 07:00 - 03.02.2017 08:00","22230","22127"
"03.02.2017 08:00 - 03.02.2017 09:00","22737","22268"
"03.02.2017 09:00 - 03.02.2017 10:00","22833","22348"
"03.02.2017 10:00 - 03.02.2017 11:00","22767","22339"
"03.02.2017 11:00 - 03.02.2017 12:00","22533","22265"
"03.02.2017 12:00 - 03.02.2017 13:00","22140","21997"
"03.02.2017 13:00 - 03.02.2017 14:00","21694","21745"
"03.02.2017 14:00 - 03.02.2017 15:00","21431","21569"
"03.02.2017 15:00 - 03.02.2017 16:00","21364","21468"
"03.02.2017 16:00 - 03.02.2017 17:00","21722","21805"
"03.02.2017 17:00 - 03.02.2017 18:00","22359","22113"
"03.02.2017 18:00 - 03.02.2017 19:00","22112","21659"
"03.02.2017 19:00 - 03.02.2017 20:00","21417","20770"
"03.02.2017 20:00 - 03.02.2017 21:00","20530","20068"
"03.02.2017 21:00 - 03.02.2017 22:00","19664","19298"
"03.02.2017 22:00 - 03.02.2017 23:00","18807","18324"
"03.02.2017 23:00 - 04.02.2017 00:00","17969","17522"
"04.02.2017 00:00 - 04.02.2017 01:00","17217","16882"
"04.02.2017 01:00 - 04.02.2017 02:00","16809","16558"
"04.02.2017 02:00 - 04.02.2017 03:00","16595","16396"
"04.02.2017 03:00 - 04.02.2017 04:00","16515","16306"
"04.02.2017 04:00 - 04.02.2017 05:00","16569","16200"
"04.02.2017 05:00 - 04.02.2017 06:00","16792","16387"
"04.02.2017 06:00 - 04.02.2017 07:00","17268","17028"
"04.02.2017 07:00 - 04.02.2017 08:00","17872","17812"
"04.02.2017 08:00 - 04.02.2017 09:00","18530","18452"
"04.02.2017 09:00 - 04.02.2017 10:00","19230","19163"
"04.02.2017 10:00 - 04.02.2017 11:00","19628","19709"
"04.02.2017 11:00 - 04.02.2017 12:00","19711","19760"
"04.02.2017 12:00 - 04.02.2017 13:00","19609","19654"
"04.02.2017 13:00 - 04.02.2017 14:00","19435","19560"
"04.02.2017 14:00 - 04.02.2017 15:00","19288","19491"
"04.02.2017 15:00 - 04.02.2017 16:00","19394","19649"
"04.02.2017 16:00 - 04.02.2017 17:00","19983","20175"
"04.02.2017 17:00 - 04.02.2017 18:00","20711","20283"
"04.02.2017 18:00 - 04.02.2017 19:00","20567","20094"
"04.02.2017 19:00 - 04.02.2017 20:00","20022","19621"
"04.02.2017 20:00 - 04.02.2017 21:00","19324","19066"
"04.02.2017 21:00 - 04.02.2017 22:00","18640","18491"
"04.02.2017 22:00 - 04.02.2017 23:00","17995","17802"
"04.02.2017 23:00 - 05.02.2017 00:00","17351","17261"
"05.02.2017 00:00 - 05.02.2017 01:00","16667","16839"
"05.02.2017 01:00 - 05.02.2017 02:00","16332","16601"
"05.02.2017 02:00 - 05.02.2017 03:00","16153","16329"
"05.02.2017 03:00 - 05.02.2017 04:00","16096","16169"
"05.02.2017 04:00 - 05.02.2017 05:00","16161","16230"
"05.02.2017 05:00 - 05.02.2017 06:00","16352","16581"
"05.02.2017 06:00 - 05.02.2017 07:00","16737","16963"
"05.02.2017 07:00 - 05.02.2017 08:00","17228","17248"
"05.02.2017 08:00 - 05.02.2017 09:00","17735","18019"
"05.02.2017 09:00 - 05.02.2017 10:00","18355","18863"
"05.02.2017 10:00 - 05.02.2017 11:00","18806","19373"
"05.02.2017 11:00 - 05.02.2017 12:00","19043","19838"
"05.02.2017 12:00 - 05.02.2017 13:00","19098","19848"
"05.02.2017 13:00 - 05.02.2017 14:00","19021","19812"
"05.02.2017 14:00 - 05.02.2017 15:00","18963","19740"
"05.02.2017 15:00 - 05.02.2017 16:00","19121","19760"
"05.02.2017 16:00 - 05.02.2017 17:00","19734","20410"
"05.02.2017 17:00 - 05.02.2017 18:00","20576","21080"
"05.02.2017 18:00 - 05.02.2017 19:00","20696","20890"
"05.02.2017 19:00 - 05.02.2017 20:00","20405","20337"
"05.02.2017 20:00 - 05.02.2017 21:00","19881","19930"
"05.02.2017 21:00 - 05.02.2017 22:00","19165","19292"
"05.02.2017 22:00 - 05.02.2017 23:00","18327","18441"
"05.02.2017 23:00 - 06.02.2017 00:00","17550","17702"
"06.02.2017 00:00 - 06.02.2017 01:00","17076","16985"
"06.02.2017 01:00 - 06.02.2017 02:00","16841","16727"
"06.02.2017 02:00 - 06.02.2017 03:00","16779","16690"
"06.02.2017 03:00 - 06.02.2017 04:00","16875","16749"
"06.02.2017 04:00 - 06.02.2017 05:00","17172","16994"
"06.02.2017 05:00 - 06.02.2017 06:00","18026","17881"
"06.02.2017 06:00 - 06.02.2017 07:00","19993","20118"
"06.02.2017 07:00 - 06.02.2017 08:00","21813","22221"
"06.02.2017 08:00 - 06.02.2017 09:00","22267","22346"
"06.02.2017 09:00 - 06.02.2017 10:00","22254","22368"
"06.02.2017 10:00 - 06.02.2017 11:00","22260","22617"
"06.02.2017 11:00 - 06.02.2017 12:00","22124","22486"
"06.02.2017 12:00 - 06.02.2017 13:00","21910","22333"
"06.02.2017 13:00 - 06.02.2017 14:00","21781","22307"
"06.02.2017 14:00 - 06.02.2017 15:00","21746","22202"
"06.02.2017 15:00 - 06.02.2017 16:00","21936","22407"
"06.02.2017 16:00 - 06.02.2017 17:00","22267","22730"
"06.02.2017 17:00 - 06.02.2017 18:00","22944","23148"
"06.02.2017 18:00 - 06.02.2017 19:00","22826","23033"
"06.02.2017 19:00 - 06.02.2017 20:00","22416","22438"
"06.02.2017 20:00 - 06.02.2017 21:00","21804","21636"
"06.02.2017 21:00 - 06.02.2017 22:00","20994","21028"
"06.02.2017 22:00 - 06.02.2017 23:00","19975","19944"
"06.02.2017 23:00 - 07.02.2017 00:00","18952","18932"
"07.02.2017 00:00 - 07.02.2017 01:00","18615","18520"
"07.02.2017 01:00 - 07.02.2017 02:00","18297","18247"
"07.02.2017 02:00 - 07.02.2017 03:00","18191","18182"
"07.02.2017 03:00 - 07.02.2017 04:00","18289","18272"
"07.02.2017 04:00 - 07.02.2017 05:00","18608","18612"
"07.02.2017 05:00 - 07.02.2017 06:00","19881","19257"
"07.02.2017 06:00 - 07.02.2017 07:00","21915","21389"
"07.02.2017 07:00 - 07.02.2017 08:00","23747","23255"
"07.02.2017 08:00 - 07.02.2017 09:00","24187","23273"
"07.02.2017 09:00 - 07.02.2017 10:00","24174","23469"
"07.02.2017 10:00 - 07.02.2017 11:00","24155","23232"
"07.02.2017 11:00 - 07.02.2017 12:00","23920","22899"
"07.02.2017 12:00 - 07.02.2017 13:00","23670","22876"
"07.02.2017 13:00 - 07.02.2017 14:00","23502","22688"
"07.02.2017 14:00 - 07.02.2017 15:00","23528","22656"
"07.02.2017 15:00 - 07.02.2017 16:00","23747","22857"
"07.02.2017 16:00 - 07.02.2017 17:00","24115","23129"
"07.02.2017 17:00 - 07.02.2017 18:00","24892","24157"
"07.02.2017 18:00 - 07.02.2017 19:00","24850","23784"
"07.02.2017 19:00 - 07.02.2017 20:00","24419","23543"
"07.02.2017 20:00 - 07.02.2017 21:00","23780","22825"
"07.02.2017 21:00 - 07.02.2017 22:00","22523","22017"
"07.02.2017 22:00 - 07.02.2017 23:00","21445","20920"
"07.02.2017 23:00 - 08.02.2017 00:00","20370","19756"
"08.02.2017 00:00 - 08.02.2017 01:00","19528","19185"
"08.02.2017 01:00 - 08.02.2017 02:00","19251","18989"
"08.02.2017 02:00 - 08.02.2017 03:00","19172","19009"
"08.02.2017 03:00 - 08.02.2017 04:00","19257","19114"
"08.02.2017 04:00 - 08.02.2017 05:00","19551","19260"
"08.02.2017 05:00 - 08.02.2017 06:00","20800","19909"
"08.02.2017 06:00 - 08.02.2017 07:00","22768","22300"
"08.02.2017 07:00 - 08.02.2017 08:00","24463","24103"
"08.02.2017 08:00 - 08.02.2017 09:00","24736","24108"
"08.02.2017 09:00 - 08.02.2017 10:00","24669","23954"
"08.02.2017 10:00 - 08.02.2017 11:00","24654","23786"
"08.02.2017 11:00 - 08.02.2017 12:00","24423","23549"
"08.02.2017 12:00 - 08.02.2017 13:00","23814","23344"
"08.02.2017 13:00 - 08.02.2017 14:00","23663","23077"
"08.02.2017 14:00 - 08.02.2017 15:00","23644","22815"
"08.02.2017 15:00 - 08.02.2017 16:00","23809","22922"
"08.02.2017 16:00 - 08.02.2017 17:00","24110","23401"
"08.02.2017 17:00 - 08.02.2017 18:00","24795","24022"
"08.02.2017 18:00 - 08.02.2017 19:00","24604","23634"
"08.02.2017 19:00 - 08.02.2017 20:00","24153","23575"
"08.02.2017 20:00 - 08.02.2017 21:00","23493","23030"
"08.02.2017 21:00 - 08.02.2017 22:00","22528","21927"
"08.02.2017 22:00 - 08.02.2017 23:00","21463","20604"
"08.02.2017 23:00 - 09.02.2017 00:00","20411","19646"
"09.02.2017 00:00 - 09.02.2017 01:00","19586","18902"
"09.02.2017 01:00 - 09.02.2017 02:00","19292","18619"
"09.02.2017 02:00 - 09.02.2017 03:00","19188","18628"
"09.02.2017 03:00 - 09.02.2017 04:00","19248","18769"
"09.02.2017 04:00 - 09.02.2017 05:00","19496","18886"
"09.02.2017 05:00 - 09.02.2017 06:00","20492","19909"
"09.02.2017 06:00 - 09.02.2017 07:00","22574","21931"
"09.02.2017 07:00 - 09.02.2017 08:00","24183","23672"
"09.02.2017 08:00 - 09.02.2017 09:00","24455","23805"
"09.02.2017 09:00 - 09.02.2017 10:00","24367","23606"
"09.02.2017 10:00 - 09.02.2017 11:00","24311","23540"
"09.02.2017 11:00 - 09.02.2017 12:00","24122","23502"
"09.02.2017 12:00 - 09.02.2017 13:00","23541","23200"
"09.02.2017 13:00 - 09.02.2017 14:00","23424","22856"
"09.02.2017 14:00 - 09.02.2017 15:00","23343","22804"
"09.02.2017 15:00 - 09.02.2017 16:00","23481","22750"
"09.02.2017 16:00 - 09.02.2017 17:00","23683","23057"
"09.02.2017 17:00 - 09.02.2017 18:00","24281","23551"
"09.02.2017 18:00 - 09.02.2017 19:00","24061","23479"
"09.02.2017 19:00 - 09.02.2017 20:00","23586","23106"
"09.02.2017 20:00 - 09.02.2017 21:00","22901","22207"
"09.02.2017 21:00 - 09.02.2017 22:00","21934","21356"
"09.02.2017 22:00 - 09.02.2017 23:00","20854","20365"
"09.02.2017 23:00 - 10.02.2017 00:00","19788","19573"
"10.02.2017 00:00 - 10.02.2017 01:00","19205","18935"
"10.02.2017 01:00 - 10.02.2017 02:00","18897","18718"
"10.02.2017 02:00 - 10.02.2017 03:00","18775","18681"
"10.02.2017 03:00 - 10.02.2017 04:00","18803","18840"
"10.02.2017 04:00 - 10.02.2017 05:00","19022","18996"
"10.02.2017 05:00 - 10.02.2017 06:00","19960","19787"
"10.02.2017 06:00 - 10.02.2017 07:00","21913","21521"
"10.02.2017 07:00 - 10.02.2017 08:00","23449","23102"
"10.02.2017 08:00 - 10.02.2017 09:00","24174","23405"
"10.02.2017 09:00 - 10.02.2017 10:00","24190","23682"
"10.02.2017 10:00 - 10.02.2017 11:00","23707","23426"
"10.02.2017 11:00 - 10.02.2017 12:00","23475","23257"
"10.02.2017 12:00 - 10.02.2017 13:00","22824","22796"
"10.02.2017 13:00 - 10.02.2017 14:00","22421","22275"
"10.02.2017 14:00 - 10.02.2017 15:00","22198","21849"
"10.02.2017 15:00 - 10.02.2017 16:00","22130","21650"
"10.02.2017 16:00 - 10.02.2017 17:00","22360","21730"
"10.02.2017 17:00 - 10.02.2017 18:00","22954","22296"
"10.02.2017 18:00 - 10.02.2017 19:00","22788","22028"
"10.02.2017 19:00 - 10.02.2017 20:00","22194","21452"
"10.02.2017 20:00 - 10.02.2017 21:00","21426","20658"
"10.02.2017 21:00 - 10.02.2017 22:00","20609","19792"
"10.02.2017 22:00 - 10.02.2017 23:00","19895","19195"
"10.02.2017 23:00 - 11.02.2017 00:00","19176","18494"
"11.02.2017 00:00 - 11.02.2017 01:00","18252","18018"
"11.02.2017 01:00 - 11.02.2017 02:00","17932","17888"
"11.02.2017 02:00 - 11.02.2017 03:00","17773","17836"
"11.02.2017 03:00 - 11.02.2017 04:00","17745","17887"
"11.02.2017 04:00 - 11.02.2017 05:00","17845","17794"
"11.02.2017 05:00 - 11.02.2017 06:00","18088","17707"
"11.02.2017 06:00 - 11.02.2017 07:00","18584","18125"
"11.02.2017 07:00 - 11.02.2017 08:00","19126","18596"
"11.02.2017 08:00 - 11.02.2017 09:00","19742","19286"
"11.02.2017 09:00 - 11.02.2017 10:00","20404","19973"
"11.02.2017 10:00 - 11.02.2017 11:00","20682","20360"
"11.02.2017 11:00 - 11.02.2017 12:00","20571","20278"
"11.02.2017 12:00 - 11.02.2017 13:00","20330","20035"
"11.02.2017 13:00 - 11.02.2017 14:00","20055","19796"
"11.02.2017 14:00 - 11.02.2017 15:00","19871","19600"
"11.02.2017 15:00 - 11.02.2017 16:00","19943","19546"
"11.02.2017 16:00 - 11.02.2017 17:00","20489","19955"
"11.02.2017 17:00 - 11.02.2017 18:00","21308","21036"
"11.02.2017 18:00 - 11.02.2017 19:00","21264","21097"
"11.02.2017 19:00 - 11.02.2017 20:00","20817","20668"
"11.02.2017 20:00 - 11.02.2017 21:00","20195","20059"
"11.02.2017 21:00 - 11.02.2017 22:00","19588","19482"
"11.02.2017 22:00 - 11.02.2017 23:00","19029","18859"
"11.02.2017 23:00 - 12.02.2017 00:00","18475","18155"
"12.02.2017 00:00 - 12.02.2017 01:00","18122","18142"
"12.02.2017 01:00 - 12.02.2017 02:00","17865","17965"
"12.02.2017 02:00 - 12.02.2017 03:00","17749","17927"
"12.02.2017 03:00 - 12.02.2017 04:00","17715","18017"
"12.02.2017 04:00 - 12.02.2017 05:00","17788","18031"
"12.02.2017 05:00 - 12.02.2017 06:00","17995","18369"
"12.02.2017 06:00 - 12.02.2017 07:00","18390","18677"
"12.02.2017 07:00 - 12.02.2017 08:00","18796","19307"
"12.02.2017 08:00 - 12.02.2017 09:00","19255","19652"
"12.02.2017 09:00 - 12.02.2017 10:00","19859","20034"
"12.02.2017 10:00 - 12.02.2017 11:00","20126","20242"
"12.02.2017 11:00 - 12.02.2017 12:00","20105","20167"
"12.02.2017 12:00 - 12.02.2017 13:00","19913","19986"
"12.02.2017 13:00 - 12.02.2017 14:00","19701","19832"
"12.02.2017 14:00 - 12.02.2017 15:00","19580","19956"
"12.02.2017 15:00 - 12.02.2017 16:00","19709","20227"
"12.02.2017 16:00 - 12.02.2017 17:00","20303","20547"
"12.02.2017 17:00 - 12.02.2017 18:00","21245","21349"
"12.02.2017 18:00 - 12.02.2017 19:00","21493","21382"
"12.02.2017 19:00 - 12.02.2017 20:00","21271","21173"
"12.02.2017 20:00 - 12.02.2017 21:00","20786","20915"
"12.02.2017 21:00 - 12.02.2017 22:00","20133","20096"
"12.02.2017 22:00 - 12.02.2017 23:00","19345","19329"
"12.02.2017 23:00 - 13.02.2017 00:00","18617","18904"
"13.02.2017 00:00 - 13.02.2017 01:00","18066","18406"
"13.02.2017 01:00 - 13.02.2017 02:00","17847","18316"
"13.02.2017 02:00 - 13.02.2017 03:00","17781","18364"
"13.02.2017 03:00 - 13.02.2017 04:00","17835","18327"
"13.02.2017 04:00 - 13.02.2017 05:00","18083","18534"
"13.02.2017 05:00 - 13.02.2017 06:00","18881","19113"
"13.02.2017 06:00 - 13.02.2017 07:00","20720","21290"
"13.02.2017 07:00 - 13.02.2017 08:00","22300","23098"
"13.02.2017 08:00 - 13.02.2017 09:00","22608","23013"
"13.02.2017 09:00 - 13.02.2017 10:00","22522","22875"
"13.02.2017 10:00 - 13.02.2017 11:00","22405","22495"
"13.02.2017 11:00 - 13.02.2017 12:00","22039","22199"
"13.02.2017 12:00 - 13.02.2017 13:00","21624","22016"
"13.02.2017 13:00 - 13.02.2017 14:00","21353","21606"
"13.02.2017 14:00 - 13.02.2017 15:00","21219","21323"
"13.02.2017 15:00 - 13.02.2017 16:00","21334","21425"
"13.02.2017 16:00 - 13.02.2017 17:00","21596","21409"
"13.02.2017 17:00 - 13.02.2017 18:00","22389","22123"
"13.02.2017 18:00 - 13.02.2017 19:00","22396","21693"
"13.02.2017 19:00 - 13.02.2017 20:00","22012","21320"
"13.02.2017 20:00 - 13.02.2017 21:00","21412","20639"
"13.02.2017 21:00 - 13.02.2017 22:00","20617","19765"
"13.02.2017 22:00 - 13.02.2017 23:00","19629","18550"
"13.02.2017 23:00 - 14.02.2017 00:00","18642","17833"
"14.02.2017 00:00 - 14.02.2017 01:00","18167","17401"
"14.02.2017 01:00 - 14.02.2017 02:00","17903","16992"
"14.02.2017 02:00 - 14.02.2017 03:00","17824","16799"
"14.02.2017 03:00 - 14.02.2017 04:00","18182","16857"
"14.02.2017 04:00 - 14.02.2017 05:00","18415","17041"
"14.02.2017 05:00 - 14.02.2017 06:00","19126","17806"
"14.02.2017 06:00 - 14.02.2017 07:00","20982","19628"
"14.02.2017 07:00 - 14.02.2017 08:00","22406","21461"
"14.02.2017 08:00 - 14.02.2017 09:00","22691","21489"
"14.02.2017 09:00 - 14.02.2017 10:00","22575","21376"
"14.02.2017 10:00 - 14.02.2017 11:00","22431","21065"
"14.02.2017 11:00 - 14.02.2017 12:00","22052","20699"
"14.02.2017 12:00 - 14.02.2017 13:00","21658","20095"
"14.02.2017 13:00 - 14.02.2017 14:00","21371","19822"
"14.02.2017 14:00 - 14.02.2017 15:00","21236","19272"
"14.02.2017 15:00 - 14.02.2017 16:00","21289","19343"
"14.02.2017 16:00 - 14.02.2017 17:00","21535","19555"
"14.02.2017 17:00 - 14.02.2017 18:00","22308","20910"
"14.02.2017 18:00 - 14.02.2017 19:00","22429","21230"
"14.02.2017 19:00 - 14.02.2017 20:00","21962","20948"
"14.02.2017 20:00 - 14.02.2017 21:00","21461","20384"
"14.02.2017 21:00 - 14.02.2017 22:00","20768","19671"
"14.02.2017 22:00 - 14.02.2017 23:00","19904","18761"
"14.02.2017 23:00 - 15.02.2017 00:00","19028","18056"
"15.02.2017 00:00 - 15.02.2017 01:00","18432","17378"
"15.02.2017 01:00 - 15.02.2017 02:00","18209","17077"
"15.02.2017 02:00 - 15.02.2017 03:00","18145","17007"
"15.02.2017 03:00 - 15.02.2017 04:00","18226","17184"
"15.02.2017 04:00 - 15.02.2017 05:00","18489","17442"
"15.02.2017 05:00 - 15.02.2017 06:00","19230","18324"
"15.02.2017 06:00 - 15.02.2017 07:00","20916","20602"
"15.02.2017 07:00 - 15.02.2017 08:00","22370","21973"
"15.02.2017 08:00 - 15.02.2017 09:00","22670","22068"
"15.02.2017 09:00 - 15.02.2017 10:00","22547","21736"
"15.02.2017 10:00 - 15.02.2017 11:00","22393","21314"
"15.02.2017 11:00 - 15.02.2017 12:00","21974","21290"
"15.02.2017 12:00 - 15.02.2017 13:00","21510","20827"
"15.02.2017 13:00 - 15.02.2017 14:00","21181","20304"
"15.02.2017 14:00 - 15.02.2017 15:00","21003","20440"
"15.02.2017 15:00 - 15.02.2017 16:00","21077","19699"
"15.02.2017 16:00 - 15.02.2017 17:00","21335","20067"
"15.02.2017 17:00 - 15.02.2017 18:00","22127","21148"
"15.02.2017 18:00 - 15.02.2017 19:00","22296","20932"
"15.02.2017 19:00 - 15.02.2017 20:00","22045","20984"
"15.02.2017 20:00 - 15.02.2017 21:00","21575","20403"
"15.02.2017 21:00 - 15.02.2017 22:00","20884","19655"
"15.02.2017 22:00 - 15.02.2017 23:00","20000","18707"
"15.02.2017 23:00 - 16.02.2017 00:00","19131","17930"
"16.02.2017 00:00 - 16.02.2017 01:00","18024","17582"
"16.02.2017 01:00 - 16.02.2017 02:00","17771","17237"
"16.02.2017 02:00 - 16.02.2017 03:00","17696","17472"
"16.02.2017 03:00 - 16.02.2017 04:00","17760","17557"
"16.02.2017 04:00 - 16.02.2017 05:00","17985","17758"
"16.02.2017 05:00 - 16.02.2017 06:00","18701","18833"
"16.02.2017 06:00 - 16.02.2017 07:00","20387","20731"
"16.02.2017 07:00 - 16.02.2017 08:00","21819","21731"
"16.02.2017 08:00 - 16.02.2017 09:00","22098","21805"
"16.02.2017 09:00 - 16.02.2017 10:00","21946","21353"
"16.02.2017 10:00 - 16.02.2017 11:00","21831","21109"
"16.02.2017 11:00 - 16.02.2017 12:00","21517","21020"
"16.02.2017 12:00 - 16.02.2017 13:00","21259","20736"
"16.02.2017 13:00 - 16.02.2017 14:00","21045","20715"
"16.02.2017 14:00 - 16.02.2017 15:00","20973","20747"
"16.02.2017 15:00 - 16.02.2017 16:00","21024","20953"
"16.02.2017 16:00 - 16.02.2017 17:00","21122","20998"
"16.02.2017 17:00 - 16.02.2017 18:00","21731","21546"
"16.02.2017 18:00 - 16.02.2017 19:00","21702","21293"
"16.02.2017 19:00 - 16.02.2017 20:00","21266","20652"
"16.02.2017 20:00 - 16.02.2017 21:00","20651","19913"
"16.02.2017 21:00 - 16.02.2017 22:00","19853","18889"
"16.02.2017 22:00 - 16.02.2017 23:00","18878","17730"
"16.02.2017 23:00 - 17.02.2017 00:00","17898","16780"
"17.02.2017 00:00 - 17.02.2017 01:00","16978","16184"
"17.02.2017 01:00 - 17.02.2017 02:00","16651","15955"
"17.02.2017 02:00 - 17.02.2017 03:00","16519","15624"
"17.02.2017 03:00 - 17.02.2017 04:00","16556","15720"
"17.02.2017 04:00 - 17.02.2017 05:00","16782","15993"
"17.02.2017 05:00 - 17.02.2017 06:00","17503","16930"
"17.02.2017 06:00 - 17.02.2017 07:00","19222","19062"
"17.02.2017 07:00 - 17.02.2017 08:00","20719","20627"
"17.02.2017 08:00 - 17.02.2017 09:00","21105","20846"
"17.02.2017 09:00 - 17.02.2017 10:00","21145","20973"
"17.02.2017 10:00 - 17.02.2017 11:00","21115","20930"
"17.02.2017 11:00 - 17.02.2017 12:00","20871","20363"
"17.02.2017 12:00 - 17.02.2017 13:00","20577","19921"
"17.02.2017 13:00 - 17.02.2017 14:00","20212","19657"
"17.02.2017 14:00 - 17.02.2017 15:00","19888","19186"
"17.02.2017 15:00 - 17.02.2017 16:00","19753","19432"
"17.02.2017 16:00 - 17.02.2017 17:00","19897","19549"
"17.02.2017 17:00 - 17.02.2017 18:00","20593","20309"
"17.02.2017 18:00 - 17.02.2017 19:00","20675","20270"
"17.02.2017 19:00 - 17.02.2017 20:00","20154","19482"
"17.02.2017 20:00 - 17.02.2017 21:00","19424","18810"
"17.02.2017 21:00 - 17.02.2017 22:00","18704","17811"
"17.02.2017 22:00 - 17.02.2017 23:00","18004","17335"
"17.02.2017 23:00 - 18.02.2017 00:00","17299","17002"
"18.02.2017 00:00 - 18.02.2017 01:00","16958","16364"
"18.02.2017 01:00 - 18.02.2017 02:00","16617","16036"
"18.02.2017 02:00 - 18.02.2017 03:00","16471","15882"
"18.02.2017 03:00 - 18.02.2017 04:00","16439","15767"
"18.02.2017 04:00 - 18.02.2017 05:00","16535","15893"
"18.02.2017 05:00 - 18.02.2017 06:00","16750","16160"
"18.02.2017 06:00 - 18.02.2017 07:00","17190","16772"
"18.02.2017 07:00 - 18.02.2017 08:00","17704","17273"
"18.02.2017 08:00 - 18.02.2017 09:00","18332","17986"
"18.02.2017 09:00 - 18.02.2017 10:00","18937","18936"
"18.02.2017 10:00 - 18.02.2017 11:00","19201","19228"
"18.02.2017 11:00 - 18.02.2017 12:00","19091","19012"
"18.02.2017 12:00 - 18.02.2017 13:00","18782","18896"
"18.02.2017 13:00 - 18.02.2017 14:00","18427","18644"
"18.02.2017 14:00 - 18.02.2017 15:00","18170","18306"
"18.02.2017 15:00 - 18.02.2017 16:00","18186","18095"
"18.02.2017 16:00 - 18.02.2017 17:00","18632","18183"
"18.02.2017 17:00 - 18.02.2017 18:00","19533","19285"
"18.02.2017 18:00 - 18.02.2017 19:00","19728","19522"
"18.02.2017 19:00 - 18.02.2017 20:00","19351","18886"
"18.02.2017 20:00 - 18.02.2017 21:00","18725","18247"
"18.02.2017 21:00 - 18.02.2017 22:00","18066","17395"
"18.02.2017 22:00 - 18.02.2017 23:00","17453","16806"
"18.02.2017 23:00 - 19.02.2017 00:00","16844","16129"
"19.02.2017 00:00 - 19.02.2017 01:00","16137","15440"
"19.02.2017 01:00 - 19.02.2017 02:00","15829","15047"
"19.02.2017 02:00 - 19.02.2017 03:00","15643","14961"
"19.02.2017 03:00 - 19.02.2017 04:00","15568","14955"
"19.02.2017 04:00 - 19.02.2017 05:00","15598","14920"
"19.02.2017 05:00 - 19.02.2017 06:00","15781","15128"
"19.02.2017 06:00 - 19.02.2017 07:00","16132","15639"
"19.02.2017 07:00 - 19.02.2017 08:00","16472","15999"
"19.02.2017 08:00 - 19.02.2017 09:00","16962","16415"
"19.02.2017 09:00 - 19.02.2017 10:00","17555","17141"
"19.02.2017 10:00 - 19.02.2017 11:00","17912","17647"
"19.02.2017 11:00 - 19.02.2017 12:00","18042","17824"
"19.02.2017 12:00 - 19.02.2017 13:00","17988","17747"
"19.02.2017 13:00 - 19.02.2017 14:00","17906","17512"
"19.02.2017 14:00 - 19.02.2017 15:00","17819","17304"
"19.02.2017 15:00 - 19.02.2017 16:00","17860","17260"
"19.02.2017 16:00 - 19.02.2017 17:00","18248","17251"
"19.02.2017 17:00 - 19.02.2017 18:00","19094","18054"
"19.02.2017 18:00 - 19.02.2017 19:00","19413","18308"
"19.02.2017 19:00 - 19.02.2017 20:00","19155","18232"
"19.02.2017 20:00 - 19.02.2017 21:00","18677","17788"
"19.02.2017 21:00 - 19.02.2017 22:00","18029","17222"
"19.02.2017 22:00 - 19.02.2017 23:00","17260","16653"
"19.02.2017 23:00 - 20.02.2017 00:00","16558","15743"
"20.02.2017 00:00 - 20.02.2017 01:00","16120","15304"
"20.02.2017 01:00 - 20.02.2017 02:00","15908","15266"
"20.02.2017 02:00 - 20.02.2017 03:00","15852","15219"
"20.02.2017 03:00 - 20.02.2017 04:00","15925","15273"
"20.02.2017 04:00 - 20.02.2017 05:00","16206","15506"
"20.02.2017 05:00 - 20.02.2017 06:00","16988","16530"
"20.02.2017 06:00 - 20.02.2017 07:00","18712","18428"
"20.02.2017 07:00 - 20.02.2017 08:00","20168","19744"
"20.02.2017 08:00 - 20.02.2017 09:00","20547","19825"
"20.02.2017 09:00 - 20.02.2017 10:00","20522","19904"
"20.02.2017 10:00 - 20.02.2017 11:00","20531","20014"
"20.02.2017 11:00 - 20.02.2017 12:00","20398","20133"
"20.02.2017 12:00 - 20.02.2017 13:00","20203","20019"
"20.02.2017 13:00 - 20.02.2017 14:00","20060","19933"
"20.02.2017 14:00 - 20.02.2017 15:00","19952","20002"
"20.02.2017 15:00 - 20.02.2017 16:00","19948","19959"
"20.02.2017 16:00 - 20.02.2017 17:00","19940","20191"
"20.02.2017 17:00 - 20.02.2017 18:00","20525","20574"
"20.02.2017 18:00 - 20.02.2017 19:00","20659","20583"
"20.02.2017 19:00 - 20.02.2017 20:00","20307","20029"
"20.02.2017 20:00 - 20.02.2017 21:00","19729","19260"
"20.02.2017 21:00 - 20.02.2017 22:00","18945","18397"
"20.02.2017 22:00 - 20.02.2017 23:00","17948","17637"
"20.02.2017 23:00 - 21.02.2017 00:00","16957","16765"
"21.02.2017 00:00 - 21.02.2017 01:00","16214","16180"
"21.02.2017 01:00 - 21.02.2017 02:00","15949","16012"
"21.02.2017 02:00 - 21.02.2017 03:00","15896","15815"
"21.02.2017 03:00 - 21.02.2017 04:00","15986","15856"
"21.02.2017 04:00 - 21.02.2017 05:00","16275","16210"
"21.02.2017 05:00 - 21.02.2017 06:00","17050","16933"
"21.02.2017 06:00 - 21.02.2017 07:00","18807","18701"
"21.02.2017 07:00 - 21.02.2017 08:00","20350","20481"
"21.02.2017 08:00 - 21.02.2017 09:00","20734","20625"
"21.02.2017 09:00 - 21.02.2017 10:00","20723","20669"
"21.02.2017 10:00 - 21.02.2017 11:00","20733","20460"
"21.02.2017 11:00 - 21.02.2017 12:00","20591","20253"
"21.02.2017 12:00 - 21.02.2017 13:00","20418","19978"
"21.02.2017 13:00 - 21.02.2017 14:00","20284","19851"
"21.02.2017 14:00 - 21.02.2017 15:00","20189","19591"
"21.02.2017 15:00 - 21.02.2017 16:00","20280","19703"
"21.02.2017 16:00 - 21.02.2017 17:00","20354","19848"
"21.02.2017 17:00 - 21.02.2017 18:00","21098","21133"
"21.02.2017 18:00 - 21.02.2017 19:00","21348","21413"
"21.02.2017 19:00 - 21.02.2017 20:00","21110","20956"
"21.02.2017 20:00 - 21.02.2017 21:00","20609","20329"
"21.02.2017 21:00 - 21.02.2017 22:00","19910","19650"
"21.02.2017 22:00 - 21.02.2017 23:00","18998","18457"
"21.02.2017 23:00 - 22.02.2017 00:00","18059","17405"
"22.02.2017 00:00 - 22.02.2017 01:00","17119","16924"
"22.02.2017 01:00 - 22.02.2017 02:00","16802","16646"
"22.02.2017 02:00 - 22.02.2017 03:00","16653","16546"
"22.02.2017 03:00 - 22.02.2017 04:00","16669","16770"
"22.02.2017 04:00 - 22.02.2017 05:00","16863","16990"
"22.02.2017 05:00 - 22.02.2017 06:00","17599","17669"
"22.02.2017 06:00 - 22.02.2017 07:00","19351","19414"
"22.02.2017 07:00 - 22.02.2017 08:00","20882","20595"
"22.02.2017 08:00 - 22.02.2017 09:00","21237","20779"
"22.02.2017 09:00 - 22.02.2017 10:00","21167","21063"
"22.02.2017 10:00 - 22.02.2017 11:00","21118","21009"
"22.02.2017 11:00 - 22.02.2017 12:00","20930","20709"
"22.02.2017 12:00 - 22.02.2017 13:00","20646","20601"
"22.02.2017 13:00 - 22.02.2017 14:00","20383","20536"
"22.02.2017 14:00 - 22.02.2017 15:00","20291","20334"
"22.02.2017 15:00 - 22.02.2017 16:00","20432","20288"
"22.02.2017 16:00 - 22.02.2017 17:00","20536","20360"
"22.02.2017 17:00 - 22.02.2017 18:00","21222","20962"
"22.02.2017 18:00 - 22.02.2017 19:00","21363","20946"
"22.02.2017 19:00 - 22.02.2017 20:00","20969","20631"
"22.02.2017 20:00 - 22.02.2017 21:00","20356","19937"
"22.02.2017 21:00 - 22.02.2017 22:00","19528","19327"
"22.02.2017 22:00 - 22.02.2017 23:00","18495","18322"
"22.02.2017 23:00 - 23.02.2017 00:00","17470","17626"
"23.02.2017 00:00 - 23.02.2017 01:00","16960","16975"
"23.02.2017 01:00 - 23.02.2017 02:00","16651","16420"
"23.02.2017 02:00 - 23.02.2017 03:00","16538","16258"
"23.02.2017 03:00 - 23.02.2017 04:00","16569","16506"
"23.02.2017 04:00 - 23.02.2017 05:00","16840","16914"
"23.02.2017 05:00 - 23.02.2017 06:00","17616","17893"
"23.02.2017 06:00 - 23.02.2017 07:00","19576","19775"
"23.02.2017 07:00 - 23.02.2017 08:00","21124","21164"
"23.02.2017 08:00 - 23.02.2017 09:00","21349","21337"
"23.02.2017 09:00 - 23.02.2017 10:00","21328","21656"
"23.02.2017 10:00 - 23.02.2017 11:00","21261","21209"
"23.02.2017 11:00 - 23.02.2017 12:00","21056","21073"
"23.02.2017 12:00 - 23.02.2017 13:00","20853","20958"
"23.02.2017 13:00 - 23.02.2017 14:00","20714","20765"
"23.02.2017 14:00 - 23.02.2017 15:00","20674","20676"
"23.02.2017 15:00 - 23.02.2017 16:00","20766","20648"
"23.02.2017 16:00 - 23.02.2017 17:00","20853","20712"
"23.02.2017 17:00 - 23.02.2017 18:00","21818","21365"
"23.02.2017 18:00 - 23.02.2017 19:00","22134","21374"
"23.02.2017 19:00 - 23.02.2017 20:00","21674","20827"
"23.02.2017 20:00 - 23.02.2017 21:00","21145","20270"
"23.02.2017 21:00 - 23.02.2017 22:00","20423","19469"
"23.02.2017 22:00 - 23.02.2017 23:00","19506","18385"
"23.02.2017 23:00 - 24.02.2017 00:00","18598","17678"
"24.02.2017 00:00 - 24.02.2017 01:00","18015","17253"
"24.02.2017 01:00 - 24.02.2017 02:00","17756","17100"
"24.02.2017 02:00 - 24.02.2017 03:00","17709","17049"
"24.02.2017 03:00 - 24.02.2017 04:00","17800","17206"
"24.02.2017 04:00 - 24.02.2017 05:00","18090","17743"
"24.02.2017 05:00 - 24.02.2017 06:00","18860","18667"
"24.02.2017 06:00 - 24.02.2017 07:00","20544","20893"
"24.02.2017 07:00 - 24.02.2017 08:00","22174","22289"
"24.02.2017 08:00 - 24.02.2017 09:00","22569","22516"
"24.02.2017 09:00 - 24.02.2017 10:00","22357","22226"
"24.02.2017 10:00 - 24.02.2017 11:00","22179","21919"
"24.02.2017 11:00 - 24.02.2017 12:00","21808","21544"
"24.02.2017 12:00 - 24.02.2017 13:00","21407","20942"
"24.02.2017 13:00 - 24.02.2017 14:00","21030","20164"
"24.02.2017 14:00 - 24.02.2017 15:00","20717","19679"
"24.02.2017 15:00 - 24.02.2017 16:00","20568","19542"
"24.02.2017 16:00 - 24.02.2017 17:00","20653","20153"
"24.02.2017 17:00 - 24.02.2017 18:00","21557","21023"
"24.02.2017 18:00 - 24.02.2017 19:00","21832","21308"
"24.02.2017 19:00 - 24.02.2017 20:00","21197","20587"
"24.02.2017 20:00 - 24.02.2017 21:00","20506","19768"
"24.02.2017 21:00 - 24.02.2017 22:00","19819","19044"
"24.02.2017 22:00 - 24.02.2017 23:00","19159","18401"
"24.02.2017 23:00 - 25.02.2017 00:00","18520","17560"
"25.02.2017 00:00 - 25.02.2017 01:00","17835","17245"
"25.02.2017 01:00 - 25.02.2017 02:00","17537","17002"
"25.02.2017 02:00 - 25.02.2017 03:00","17413","16943"
"25.02.2017 03:00 - 25.02.2017 04:00","17446","17008"
"25.02.2017 04:00 - 25.02.2017 05:00","17575","17244"
"25.02.2017 05:00 - 25.02.2017 06:00","17843","17425"
"25.02.2017 06:00 - 25.02.2017 07:00","18278","18446"
"25.02.2017 07:00 - 25.02.2017 08:00","18792","19130"
"25.02.2017 08:00 - 25.02.2017 09:00","19461","19780"
"25.02.2017 09:00 - 25.02.2017 10:00","20201","20259"
"25.02.2017 10:00 - 25.02.2017 11:00","20301","19939"
"25.02.2017 11:00 - 25.02.2017 12:00","20094","19393"
"25.02.2017 12:00 - 25.02.2017 13:00","19554","18677"
"25.02.2017 13:00 - 25.02.2017 14:00","19206","18289"
"25.02.2017 14:00 - 25.02.2017 15:00","18965","18072"
"25.02.2017 15:00 - 25.02.2017 16:00","18991","18224"
"25.02.2017 16:00 - 25.02.2017 17:00","19379","18447"
"25.02.2017 17:00 - 25.02.2017 18:00","20250","18978"
"25.02.2017 18:00 - 25.02.2017 19:00","20683","19068"
"25.02.2017 19:00 - 25.02.2017 20:00","20380","18892"
"25.02.2017 20:00 - 25.02.2017 21:00","19763","18516"
"25.02.2017 21:00 - 25.02.2017 22:00","19107","17865"
"25.02.2017 22:00 - 25.02.2017 23:00","18476","17360"
"25.02.2017 23:00 - 26.02.2017 00:00","17858","16859"
"26.02.2017 00:00 - 26.02.2017 01:00","16961","16479"
"26.02.2017 01:00 - 26.02.2017 02:00","16632","16143"
"26.02.2017 02:00 - 26.02.2017 03:00","16439","15924"
"26.02.2017 03:00 - 26.02.2017 04:00","16346","15821"
"26.02.2017 04:00 - 26.02.2017 05:00","16333","15811"
"26.02.2017 05:00 - 26.02.2017 06:00","16479","15894"
"26.02.2017 06:00 - 26.02.2017 07:00","16735","16157"
"26.02.2017 07:00 - 26.02.2017 08:00","16997","16503"
"26.02.2017 08:00 - 26.02.2017 09:00","17494","17003"
"26.02.2017 09:00 - 26.02.2017 10:00","18014","17772"
"26.02.2017 10:00 - 26.02.2017 11:00","18345","18110"
"26.02.2017 11:00 - 26.02.2017 12:00","18513","18317"
"26.02.2017 12:00 - 26.02.2017 13:00","18440","18392"
"26.02.2017 13:00 - 26.02.2017 14:00","18321","18097"
"26.02.2017 14:00 - 26.02.2017 15:00","18253","18013"
"26.02.2017 15:00 - 26.02.2017 16:00","18274","18118"
"26.02.2017 16:00 - 26.02.2017 17:00","18530","18598"
"26.02.2017 17:00 - 26.02.2017 18:00","19340","19215"
"26.02.2017 18:00 - 26.02.2017 19:00","19918","19692"
"26.02.2017 19:00 - 26.02.2017 20:00","19788","19320"
"26.02.2017 20:00 - 26.02.2017 21:00","19342","18854"
"26.02.2017 21:00 - 26.02.2017 22:00","18669","18232"
"26.02.2017 22:00 - 26.02.2017 23:00","17885","17419"
"26.02.2017 23:00 - 27.02.2017 00:00","17153","16920"
"27.02.2017 00:00 - 27.02.2017 01:00","16614","16488"
"27.02.2017 01:00 - 27.02.2017 02:00","16389","16185"
"27.02.2017 02:00 - 27.02.2017 03:00","16312","16016"
"27.02.2017 03:00 - 27.02.2017 04:00","16366","16170"
"27.02.2017 04:00 - 27.02.2017 05:00","16595","16323"
"27.02.2017 05:00 - 27.02.2017 06:00","17305","17061"
"27.02.2017 06:00 - 27.02.2017 07:00","18975","19230"
"27.02.2017 07:00 - 27.02.2017 08:00","20396","20524"
"27.02.2017 08:00 - 27.02.2017 09:00","20816","20744"
"27.02.2017 09:00 - 27.02.2017 10:00","20747","20586"
"27.02.2017 10:00 - 27.02.2017 11:00","20704","20841"
"27.02.2017 11:00 - 27.02.2017 12:00","20568","20762"
"27.02.2017 12:00 - 27.02.2017 13:00","20337","20681"
"27.02.2017 13:00 - 27.02.2017 14:00","20105","20672"
"27.02.2017 14:00 - 27.02.2017 15:00","19946","20621"
"27.02.2017 15:00 - 27.02.2017 16:00","19966","20630"
"27.02.2017 16:00 - 27.02.2017 17:00","19930","20586"
"27.02.2017 17:00 - 27.02.2017 18:00","20493","20983"
"27.02.2017 18:00 - 27.02.2017 19:00","20733","21074"
"27.02.2017 19:00 - 27.02.2017 20:00","20383","20438"
"27.02.2017 20:00 - 27.02.2017 21:00","19760","19606"
"27.02.2017 21:00 - 27.02.2017 22:00","18942","18703"
"27.02.2017 22:00 - 27.02.2017 23:00","17910","17586"
"27.02.2017 23:00 - 28.02.2017 00:00","16898","16612"
"28.02.2017 00:00 - 28.02.2017 01:00","16110","16053"
"28.02.2017 01:00 - 28.02.2017 02:00","15814","15897"
"28.02.2017 02:00 - 28.02.2017 03:00","15718","15770"
"28.02.2017 03:00 - 28.02.2017 04:00","15748","15734"
"28.02.2017 04:00 - 28.02.2017 05:00","15980","16008"
"28.02.2017 05:00 - 28.02.2017 06:00","16705","16799"
"28.02.2017 06:00 - 28.02.2017 07:00","18547","18671"
"28.02.2017 07:00 - 28.02.2017 08:00","20067","19874"
"28.02.2017 08:00 - 28.02.2017 09:00","20423","20520"
"28.02.2017 09:00 - 28.02.2017 10:00","20338","20676"
"28.02.2017 10:00 - 28.02.2017 11:00","20030","20330"
"28.02.2017 11:00 - 28.02.2017 12:00","19798","20224"
"28.02.2017 12:00 - 28.02.2017 13:00","19592","20037"
"28.02.2017 13:00 - 28.02.2017 14:00","19439","20048"
"28.02.2017 14:00 - 28.02.2017 15:00","19346","19957"
"28.02.2017 15:00 - 28.02.2017 16:00","19369","19914"
"28.02.2017 16:00 - 28.02.2017 17:00","19388","20025"
"28.02.2017 17:00 - 28.02.2017 18:00","20229","20526"
"28.02.2017 18:00 - 28.02.2017 19:00","20597","20907"
"28.02.2017 19:00 - 28.02.2017 20:00","20391","20420"
"28.02.2017 20:00 - 28.02.2017 21:00","19653","19726"
"28.02.2017 21:00 - 28.02.2017 22:00","18894","18838"
"28.02.2017 22:00 - 28.02.2017 23:00","17953","17844"
"28.02.2017 23:00 - 01.03.2017 00:00","17026","16676"
"01.03.2017 00:00 - 01.03.2017 01:00","16166","16384"
"01.03.2017 01:00 - 01.03.2017 02:00","15866","15943"
"01.03.2017 02:00 - 01.03.2017 03:00","15751","15836"
"01.03.2017 03:00 - 01.03.2017 04:00","15821","15832"
"01.03.2017 04:00 - 01.03.2017 05:00","16111","16017"
"01.03.2017 05:00 - 01.03.2017 06:00","16939","17002"
"01.03.2017 06:00 - 01.03.2017 07:00","18739","18884"
"01.03.2017 07:00 - 01.03.2017 08:00","20327","20367"
"01.03.2017 08:00 - 01.03.2017 09:00","20710","20447"
"01.03.2017 09:00 - 01.03.2017 10:00","20579","20231"
"01.03.2017 10:00 - 01.03.2017 11:00","20464","20241"
"01.03.2017 11:00 - 01.03.2017 12:00","20215","20062"
"01.03.2017 12:00 - 01.03.2017 13:00","19996","19888"
"01.03.2017 13:00 - 01.03.2017 14:00","19786","19723"
"01.03.2017 14:00 - 01.03.2017 15:00","19676","19700"
"01.03.2017 15:00 - 01.03.2017 16:00","19641","19816"
"01.03.2017 16:00 - 01.03.2017 17:00","19707","19870"
"01.03.2017 17:00 - 01.03.2017 18:00","20369","20620"
"01.03.2017 18:00 - 01.03.2017 19:00","20770","20896"
"01.03.2017 19:00 - 01.03.2017 20:00","20511","20685"
"01.03.2017 20:00 - 01.03.2017 21:00","19913","19982"
"01.03.2017 21:00 - 01.03.2017 22:00","19087","19277"
"01.03.2017 22:00 - 01.03.2017 23:00","18043","18146"
"01.03.2017 23:00 - 02.03.2017 00:00","16988","17001"
"02.03.2017 00:00 - 02.03.2017 01:00","16457","16371"
"02.03.2017 01:00 - 02.03.2017 02:00","16182","16164"
"02.03.2017 02:00 - 02.03.2017 03:00","16083","16039"
"02.03.2017 03:00 - 02.03.2017 04:00","16156","16086"
"02.03.2017 04:00 - 02.03.2017 05:00","16419","16424"
"02.03.2017 05:00 - 02.03.2017 06:00","17229","17046"
"02.03.2017 06:00 - 02.03.2017 07:00","18995","18738"
"02.03.2017 07:00 - 02.03.2017 08:00","20540","20408"
"02.03.2017 08:00 - 02.03.2017 09:00","20953","20754"
"02.03.2017 09:00 - 02.03.2017 10:00","20810","20483"
"02.03.2017 10:00 - 02.03.2017 11:00","20636","20650"
"02.03.2017 11:00 - 02.03.2017 12:00","20481","20273"
"02.03.2017 12:00 - 02.03.2017 13:00","20234","19904"
"02.03.2017 13:00 - 02.03.2017 14:00","19980","19675"
"02.03.2017 14:00 - 02.03.2017 15:00","19881","19590"
"02.03.2017 15:00 - 02.03.2017 16:00","19941","19612"
"02.03.2017 16:00 - 02.03.2017 17:00","19878","19433"
"02.03.2017 17:00 - 02.03.2017 18:00","20528","20043"
"02.03.2017 18:00 - 02.03.2017 19:00","21016","20635"
"02.03.2017 19:00 - 02.03.2017 20:00","20839","20492"
"02.03.2017 20:00 - 02.03.2017 21:00","20275","19964"
"02.03.2017 21:00 - 02.03.2017 22:00","19467","18750"
"02.03.2017 22:00 - 02.03.2017 23:00","18449","17783"
"02.03.2017 23:00 - 03.03.2017 00:00","17438","16820"
"03.03.2017 00:00 - 03.03.2017 01:00","16648","16368"
"03.03.2017 01:00 - 03.03.2017 02:00","16347","16191"
"03.03.2017 02:00 - 03.03.2017 03:00","16226","16089"
"03.03.2017 03:00 - 03.03.2017 04:00","16247","16055"
"03.03.2017 04:00 - 03.03.2017 05:00","16471","16430"
"03.03.2017 05:00 - 03.03.2017 06:00","17207","16930"
"03.03.2017 06:00 - 03.03.2017 07:00","18857","19048"
"03.03.2017 07:00 - 03.03.2017 08:00","20293","20374"
"03.03.2017 08:00 - 03.03.2017 09:00","20702","20675"
"03.03.2017 09:00 - 03.03.2017 10:00","20723","20550"
"03.03.2017 10:00 - 03.03.2017 11:00","20642","20546"
"03.03.2017 11:00 - 03.03.2017 12:00","20442","20606"
"03.03.2017 12:00 - 03.03.2017 13:00","20157","20140"
"03.03.2017 13:00 - 03.03.2017 14:00","19811","19871"
"03.03.2017 14:00 - 03.03.2017 15:00","19523","19799"
"03.03.2017 15:00 - 03.03.2017 16:00","19334","19681"
"03.03.2017 16:00 - 03.03.2017 17:00","19321","19638"
"03.03.2017 17:00 - 03.03.2017 18:00","19919","20173"
"03.03.2017 18:00 - 03.03.2017 19:00","20258","20563"
"03.03.2017 19:00 - 03.03.2017 20:00","19836","19798"
"03.03.2017 20:00 - 03.03.2017 21:00","19101","18965"
"03.03.2017 21:00 - 03.03.2017 22:00","18357","18345"
"03.03.2017 22:00 - 03.03.2017 23:00","17621","17791"
"03.03.2017 23:00 - 04.03.2017 00:00","16917","17080"
"04.03.2017 00:00 - 04.03.2017 01:00","16439","16135"
"04.03.2017 01:00 - 04.03.2017 02:00","16146","15908"
"04.03.2017 02:00 - 04.03.2017 03:00","15998","15776"
"04.03.2017 03:00 - 04.03.2017 04:00","15964","15793"
"04.03.2017 04:00 - 04.03.2017 05:00","16043","15734"
"04.03.2017 05:00 - 04.03.2017 06:00","16261","15992"
"04.03.2017 06:00 - 04.03.2017 07:00","16621","16490"
"04.03.2017 07:00 - 04.03.2017 08:00","17099","17075"
"04.03.2017 08:00 - 04.03.2017 09:00","17794","17891"
"04.03.2017 09:00 - 04.03.2017 10:00","18344","18658"
"04.03.2017 10:00 - 04.03.2017 11:00","18556","18852"
"04.03.2017 11:00 - 04.03.2017 12:00","18501","18750"
"04.03.2017 12:00 - 04.03.2017 13:00","18295","18608"
"04.03.2017 13:00 - 04.03.2017 14:00","18061","18542"
"04.03.2017 14:00 - 04.03.2017 15:00","17893","18142"
"04.03.2017 15:00 - 04.03.2017 16:00","17893","17940"
"04.03.2017 16:00 - 04.03.2017 17:00","18155","18161"
"04.03.2017 17:00 - 04.03.2017 18:00","18851","18802"
"04.03.2017 18:00 - 04.03.2017 19:00","19387","19089"
"04.03.2017 19:00 - 04.03.2017 20:00","19181","18782"
"04.03.2017 20:00 - 04.03.2017 21:00","18636","18229"
"04.03.2017 21:00 - 04.03.2017 22:00","18100","17944"
"04.03.2017 22:00 - 04.03.2017 23:00","17591","17272"
"04.03.2017 23:00 - 05.03.2017 00:00","17092","16862"
"05.03.2017 00:00 - 05.03.2017 01:00","16663","16540"
"05.03.2017 01:00 - 05.03.2017 02:00","16421","16287"
"05.03.2017 02:00 - 05.03.2017 03:00","16311","16285"
"05.03.2017 03:00 - 05.03.2017 04:00","16309","16256"
"05.03.2017 04:00 - 05.03.2017 05:00","16382","16399"
"05.03.2017 05:00 - 05.03.2017 06:00","16578","16625"
"05.03.2017 06:00 - 05.03.2017 07:00","16842","16936"
"05.03.2017 07:00 - 05.03.2017 08:00","17177","17319"
"05.03.2017 08:00 - 05.03.2017 09:00","17728","17957"
"05.03.2017 09:00 - 05.03.2017 10:00","18215","18585"
"05.03.2017 10:00 - 05.03.2017 11:00","18492","18875"
"05.03.2017 11:00 - 05.03.2017 12:00","18622","18995"
"05.03.2017 12:00 - 05.03.2017 13:00","18565","19015"
"05.03.2017 13:00 - 05.03.2017 14:00","18442","18962"
"05.03.2017 14:00 - 05.03.2017 15:00","18336","18908"
"05.03.2017 15:00 - 05.03.2017 16:00","18356","18878"
"05.03.2017 16:00 - 05.03.2017 17:00","18649","19346"
"05.03.2017 17:00 - 05.03.2017 18:00","19399","19981"
"05.03.2017 18:00 - 05.03.2017 19:00","20092","20578"
"05.03.2017 19:00 - 05.03.2017 20:00","20100","20339"
"05.03.2017 20:00 - 05.03.2017 21:00","19691","19691"
"05.03.2017 21:00 - 05.03.2017 22:00","19102","19064"
"05.03.2017 22:00 - 05.03.2017 23:00","18406","18197"
"05.03.2017 23:00 - 06.03.2017 00:00","17748","17543"
"06.03.2017 00:00 - 06.03.2017 01:00","17308","17392"
"06.03.2017 01:00 - 06.03.2017 02:00","17140","17371"
"06.03.2017 02:00 - 06.03.2017 03:00","17105","17278"
"06.03.2017 03:00 - 06.03.2017 04:00","17192","17432"
"06.03.2017 04:00 - 06.03.2017 05:00","17472","17913"
"06.03.2017 05:00 - 06.03.2017 06:00","18232","18693"
"06.03.2017 06:00 - 06.03.2017 07:00","19860","20454"
"06.03.2017 07:00 - 06.03.2017 08:00","21282","22000"
"06.03.2017 08:00 - 06.03.2017 09:00","21684","22460"
"06.03.2017 09:00 - 06.03.2017 10:00","21544","22288"
"06.03.2017 10:00 - 06.03.2017 11:00","21468","21849"
"06.03.2017 11:00 - 06.03.2017 12:00","21276","21607"
"06.03.2017 12:00 - 06.03.2017 13:00","21024","21364"
"06.03.2017 13:00 - 06.03.2017 14:00","20862","21240"
"06.03.2017 14:00 - 06.03.2017 15:00","20762","21066"
"06.03.2017 15:00 - 06.03.2017 16:00","20780","21033"
"06.03.2017 16:00 - 06.03.2017 17:00","20772","21154"
"06.03.2017 17:00 - 06.03.2017 18:00","21379","21910"
"06.03.2017 18:00 - 06.03.2017 19:00","21836","22544"
"06.03.2017 19:00 - 06.03.2017 20:00","21672","22074"
"06.03.2017 20:00 - 06.03.2017 21:00","21129","21349"
"06.03.2017 21:00 - 06.03.2017 22:00","20379","20625"
"06.03.2017 22:00 - 06.03.2017 23:00","19438","19877"
"06.03.2017 23:00 - 07.03.2017 00:00","18505","18873"
"07.03.2017 00:00 - 07.03.2017 01:00","18688","18297"
"07.03.2017 01:00 - 07.03.2017 02:00","18422","17949"
"07.03.2017 02:00 - 07.03.2017 03:00","18352","18023"
"07.03.2017 03:00 - 07.03.2017 04:00","18410","18023"
"07.03.2017 04:00 - 07.03.2017 05:00","18670","18478"
"07.03.2017 05:00 - 07.03.2017 06:00","19417","19265"
"07.03.2017 06:00 - 07.03.2017 07:00","21022","21167"
"07.03.2017 07:00 - 07.03.2017 08:00","22433","22604"
"07.03.2017 08:00 - 07.03.2017 09:00","22812","23079"
"07.03.2017 09:00 - 07.03.2017 10:00","22747","23117"
"07.03.2017 10:00 - 07.03.2017 11:00","22630","22913"
"07.03.2017 11:00 - 07.03.2017 12:00","22479","22378"
"07.03.2017 12:00 - 07.03.2017 13:00","22295","22479"
"07.03.2017 13:00 - 07.03.2017 14:00","22147","22207"
"07.03.2017 14:00 - 07.03.2017 15:00","22058","22097"
"07.03.2017 15:00 - 07.03.2017 16:00","22054","22322"
"07.03.2017 16:00 - 07.03.2017 17:00","21987","22065"
"07.03.2017 17:00 - 07.03.2017 18:00","22468","22480"
"07.03.2017 18:00 - 07.03.2017 19:00","22840","23025"
"07.03.2017 19:00 - 07.03.2017 20:00","22629","22568"
"07.03.2017 20:00 - 07.03.2017 21:00","22015","21904"
"07.03.2017 21:00 - 07.03.2017 22:00","21200","21204"
"07.03.2017 22:00 - 07.03.2017 23:00","20180","19825"
"07.03.2017 23:00 - 08.03.2017 00:00","19176","18998"
"08.03.2017 00:00 - 08.03.2017 01:00","18516","18526"
"08.03.2017 01:00 - 08.03.2017 02:00","18197","18136"
"08.03.2017 02:00 - 08.03.2017 03:00","18067","18158"
"08.03.2017 03:00 - 08.03.2017 04:00","18072","18070"
"08.03.2017 04:00 - 08.03.2017 05:00","18276","18169"
"08.03.2017 05:00 - 08.03.2017 06:00","18958","18810"
"08.03.2017 06:00 - 08.03.2017 07:00","20464","20704"
"08.03.2017 07:00 - 08.03.2017 08:00","21801","22300"
"08.03.2017 08:00 - 08.03.2017 09:00","22121","22199"
"08.03.2017 09:00 - 08.03.2017 10:00","21994","22149"
"08.03.2017 10:00 - 08.03.2017 11:00","21900","22161"
"08.03.2017 11:00 - 08.03.2017 12:00","21787","21670"
"08.03.2017 12:00 - 08.03.2017 13:00","21637","21553"
"08.03.2017 13:00 - 08.03.2017 14:00","21420","21470"
"08.03.2017 14:00 - 08.03.2017 15:00","21258","21173"
"08.03.2017 15:00 - 08.03.2017 16:00","21210","21328"
"08.03.2017 16:00 - 08.03.2017 17:00","21114","21374"
"08.03.2017 17:00 - 08.03.2017 18:00","21575","21790"
"08.03.2017 18:00 - 08.03.2017 19:00","21996","22304"
"08.03.2017 19:00 - 08.03.2017 20:00","21853","21645"
"08.03.2017 20:00 - 08.03.2017 21:00","21304","21081"
"08.03.2017 21:00 - 08.03.2017 22:00","20534","20274"
"08.03.2017 22:00 - 08.03.2017 23:00","19549","19106"
"08.03.2017 23:00 - 09.03.2017 00:00","18588","17917"
"09.03.2017 00:00 - 09.03.2017 01:00","17599","17502"
"09.03.2017 01:00 - 09.03.2017 02:00","17220","17275"
"09.03.2017 02:00 - 09.03.2017 03:00","17053","16946"
"09.03.2017 03:00 - 09.03.2017 04:00","17028","16928"
"09.03.2017 04:00 - 09.03.2017 05:00","17215","16877"
"09.03.2017 05:00 - 09.03.2017 06:00","18128","17503"
"09.03.2017 06:00 - 09.03.2017 07:00","19816","19422"
"09.03.2017 07:00 - 09.03.2017 08:00","21249","20846"
"09.03.2017 08:00 - 09.03.2017 09:00","21828","21304"
"09.03.2017 09:00 - 09.03.2017 10:00","21684","21445"
"09.03.2017 10:00 - 09.03.2017 11:00","21506","21491"
"09.03.2017 11:00 - 09.03.2017 12:00","21270","21208"
"09.03.2017 12:00 - 09.03.2017 13:00","21046","20928"
"09.03.2017 13:00 - 09.03.2017 14:00","20829","20889"
"09.03.2017 14:00 - 09.03.2017 15:00","20622","20788"
"09.03.2017 15:00 - 09.03.2017 16:00","20575","20666"
"09.03.2017 16:00 - 09.03.2017 17:00","20418","20483"
"09.03.2017 17:00 - 09.03.2017 18:00","20889","20902"
"09.03.2017 18:00 - 09.03.2017 19:00","21344","21312"
"09.03.2017 19:00 - 09.03.2017 20:00","21224","21029"
"09.03.2017 20:00 - 09.03.2017 21:00","20648","20149"
"09.03.2017 21:00 - 09.03.2017 22:00","19522","19164"
"09.03.2017 22:00 - 09.03.2017 23:00","18273","18030"
"09.03.2017 23:00 - 10.03.2017 00:00","17225","17260"
"10.03.2017 00:00 - 10.03.2017 01:00","16544","16538"
"10.03.2017 01:00 - 10.03.2017 02:00","16229","16245"
"10.03.2017 02:00 - 10.03.2017 03:00","16117","16051"
"10.03.2017 03:00 - 10.03.2017 04:00","16141","16140"
"10.03.2017 04:00 - 10.03.2017 05:00","16362","16405"
"10.03.2017 05:00 - 10.03.2017 06:00","17087","16872"
"10.03.2017 06:00 - 10.03.2017 07:00","18685","18466"
"10.03.2017 07:00 - 10.03.2017 08:00","20139","19985"
"10.03.2017 08:00 - 10.03.2017 09:00","20555","20143"
"10.03.2017 09:00 - 10.03.2017 10:00","20541","20079"
"10.03.2017 10:00 - 10.03.2017 11:00","20389","20037"
"10.03.2017 11:00 - 10.03.2017 12:00","20164","20000"
"10.03.2017 12:00 - 10.03.2017 13:00","19838","19727"
"10.03.2017 13:00 - 10.03.2017 14:00","19445","19135"
"10.03.2017 14:00 - 10.03.2017 15:00","19083","18921"
"10.03.2017 15:00 - 10.03.2017 16:00","18844","18795"
"10.03.2017 16:00 - 10.03.2017 17:00","18760","19020"
"10.03.2017 17:00 - 10.03.2017 18:00","19278","19716"
"10.03.2017 18:00 - 10.03.2017 19:00","19756","20196"
"10.03.2017 19:00 - 10.03.2017 20:00","19535","19662"
"10.03.2017 20:00 - 10.03.2017 21:00","18862","19292"
"10.03.2017 21:00 - 10.03.2017 22:00","18170","18465"
"10.03.2017 22:00 - 10.03.2017 23:00","17487","17829"
"10.03.2017 23:00 - 11.03.2017 00:00","16814","17196"
"11.03.2017 00:00 - 11.03.2017 01:00","16800","16782"
"11.03.2017 01:00 - 11.03.2017 02:00","16502","16527"
"11.03.2017 02:00 - 11.03.2017 03:00","16392","16434"
"11.03.2017 03:00 - 11.03.2017 04:00","16393","16305"
"11.03.2017 04:00 - 11.03.2017 05:00","16525","16379"
"11.03.2017 05:00 - 11.03.2017 06:00","16758","16648"
"11.03.2017 06:00 - 11.03.2017 07:00","17098","17032"
"11.03.2017 07:00 - 11.03.2017 08:00","17571","17550"
"11.03.2017 08:00 - 11.03.2017 09:00","18140","18009"
"11.03.2017 09:00 - 11.03.2017 10:00","18486","18253"
"11.03.2017 10:00 - 11.03.2017 11:00","18461","17731"
"11.03.2017 11:00 - 11.03.2017 12:00","18188","17416"
"11.03.2017 12:00 - 11.03.2017 13:00","17811","16824"
"11.03.2017 13:00 - 11.03.2017 14:00","17436","16423"
"11.03.2017 14:00 - 11.03.2017 15:00","17194","16381"
"11.03.2017 15:00 - 11.03.2017 16:00","17111","16260"
"11.03.2017 16:00 - 11.03.2017 17:00","17343","16451"
"11.03.2017 17:00 - 11.03.2017 18:00","18051","17350"
"11.03.2017 18:00 - 11.03.2017 19:00","18827","18169"
"11.03.2017 19:00 - 11.03.2017 20:00","18868","17840"
"11.03.2017 20:00 - 11.03.2017 21:00","18406","17006"
"11.03.2017 21:00 - 11.03.2017 22:00","17893","16694"
"11.03.2017 22:00 - 11.03.2017 23:00","17410","16240"
"11.03.2017 23:00 - 12.03.2017 00:00","16947","16013"
"12.03.2017 00:00 - 12.03.2017 01:00","16461","15957"
"12.03.2017 01:00 - 12.03.2017 02:00","16249","15842"
"12.03.2017 02:00 - 12.03.2017 03:00","16147","15579"
"12.03.2017 03:00 - 12.03.2017 04:00","16149","15650"
"12.03.2017 04:00 - 12.03.2017 05:00","16246","15786"
"12.03.2017 05:00 - 12.03.2017 06:00","16435","15997"
"12.03.2017 06:00 - 12.03.2017 07:00","16630","16275"
"12.03.2017 07:00 - 12.03.2017 08:00","16926","16730"
"12.03.2017 08:00 - 12.03.2017 09:00","17382","17001"
"12.03.2017 09:00 - 12.03.2017 10:00","17701","17401"
"12.03.2017 10:00 - 12.03.2017 11:00","17818","17424"
"12.03.2017 11:00 - 12.03.2017 12:00","17831","17486"
"12.03.2017 12:00 - 12.03.2017 13:00","17672","17425"
"12.03.2017 13:00 - 12.03.2017 14:00","17384","17028"
"12.03.2017 14:00 - 12.03.2017 15:00","17200","16964"
"12.03.2017 15:00 - 12.03.2017 16:00","17139","16997"
"12.03.2017 16:00 - 12.03.2017 17:00","17365","17166"
"12.03.2017 17:00 - 12.03.2017 18:00","18052","17742"
"12.03.2017 18:00 - 12.03.2017 19:00","18914","18611"
"12.03.2017 19:00 - 12.03.2017 20:00","19110","18696"
"12.03.2017 20:00 - 12.03.2017 21:00","18781","18249"
"12.03.2017 21:00 - 12.03.2017 22:00","18231","17693"
"12.03.2017 22:00 - 12.03.2017 23:00","17566","16806"
"12.03.2017 23:00 - 13.03.2017 00:00","16927","16091"
"13.03.2017 00:00 - 13.03.2017 01:00","16367","15884"
"13.03.2017 01:00 - 13.03.2017 02:00","16207","15744"
"13.03.2017 02:00 - 13.03.2017 03:00","16194","15705"
"13.03.2017 03:00 - 13.03.2017 04:00","16284","15738"
"13.03.2017 04:00 - 13.03.2017 05:00","16547","15953"
"13.03.2017 05:00 - 13.03.2017 06:00","17266","16736"
"13.03.2017 06:00 - 13.03.2017 07:00","18777","18617"
"13.03.2017 07:00 - 13.03.2017 08:00","20144","20426"
"13.03.2017 08:00 - 13.03.2017 09:00","20544","20556"
"13.03.2017 09:00 - 13.03.2017 10:00","20319","20378"
"13.03.2017 10:00 - 13.03.2017 11:00","20082","20355"
"13.03.2017 11:00 - 13.03.2017 12:00","19845","20003"
"13.03.2017 12:00 - 13.03.2017 13:00","19547","19691"
"13.03.2017 13:00 - 13.03.2017 14:00","19345","19542"
"13.03.2017 14:00 - 13.03.2017 15:00","19287","19440"
"13.03.2017 15:00 - 13.03.2017 16:00","19327","19516"
"13.03.2017 16:00 - 13.03.2017 17:00","19319","20084"
"13.03.2017 17:00 - 13.03.2017 18:00","19736","20332"
"13.03.2017 18:00 - 13.03.2017 19:00","20167","20412"
"13.03.2017 19:00 - 13.03.2017 20:00","20130","20441"
"13.03.2017 20:00 - 13.03.2017 21:00","19671","19899"
"13.03.2017 21:00 - 13.03.2017 22:00","18975","19083"
"13.03.2017 22:00 - 13.03.2017 23:00","18026","17824"
"13.03.2017 23:00 - 14.03.2017 00:00","17119","17130"
"14.03.2017 00:00 - 14.03.2017 01:00","16362","16020"
"14.03.2017 01:00 - 14.03.2017 02:00","16090","15643"
"14.03.2017 02:00 - 14.03.2017 03:00","16000","15296"
"14.03.2017 03:00 - 14.03.2017 04:00","16028","15639"
"14.03.2017 04:00 - 14.03.2017 05:00","16216","15824"
"14.03.2017 05:00 - 14.03.2017 06:00","16854","16417"
"14.03.2017 06:00 - 14.03.2017 07:00","18216","17960"
"14.03.2017 07:00 - 14.03.2017 08:00","19457","19408"
"14.03.2017 08:00 - 14.03.2017 09:00","19755","19831"
"14.03.2017 09:00 - 14.03.2017 10:00","19577","19578"
"14.03.2017 10:00 - 14.03.2017 11:00","19431","19332"
"14.03.2017 11:00 - 14.03.2017 12:00","19232","19341"
"14.03.2017 12:00 - 14.03.2017 13:00","19026","19184"
"14.03.2017 13:00 - 14.03.2017 14:00","18804","19240"
"14.03.2017 14:00 - 14.03.2017 15:00","18737","19338"
"14.03.2017 15:00 - 14.03.2017 16:00","18709","19691"
"14.03.2017 16:00 - 14.03.2017 17:00","18615","19759"
"14.03.2017 17:00 - 14.03.2017 18:00","18927","19887"
"14.03.2017 18:00 - 14.03.2017 19:00","19324","19790"
"14.03.2017 19:00 - 14.03.2017 20:00","19299","19801"
"14.03.2017 20:00 - 14.03.2017 21:00","18847","19061"
"14.03.2017 21:00 - 14.03.2017 22:00","18184","17862"
"14.03.2017 22:00 - 14.03.2017 23:00","17306","16650"
"14.03.2017 23:00 - 15.03.2017 00:00","16462","15877"
"15.03.2017 00:00 - 15.03.2017 01:00","15573","15552"
"15.03.2017 01:00 - 15.03.2017 02:00","15267","15297"
"15.03.2017 02:00 - 15.03.2017 03:00","15167","15230"
"15.03.2017 03:00 - 15.03.2017 04:00","15222","15277"
"15.03.2017 04:00 - 15.03.2017 05:00","15476","15620"
"15.03.2017 05:00 - 15.03.2017 06:00","16281","16503"
"15.03.2017 06:00 - 15.03.2017 07:00","17962","18128"
"15.03.2017 07:00 - 15.03.2017 08:00","19509","19385"
"15.03.2017 08:00 - 15.03.2017 09:00","19853","19482"
"15.03.2017 09:00 - 15.03.2017 10:00","19617","19124"
"15.03.2017 10:00 - 15.03.2017 11:00","19424","19271"
"15.03.2017 11:00 - 15.03.2017 12:00","19168","18816"
"15.03.2017 12:00 - 15.03.2017 13:00","18842","18691"
"15.03.2017 13:00 - 15.03.2017 14:00","18578","18362"
"15.03.2017 14:00 - 15.03.2017 15:00","18411","18017"
"15.03.2017 15:00 - 15.03.2017 16:00","18362","17999"
"15.03.2017 16:00 - 15.03.2017 17:00","18325","18140"
"15.03.2017 17:00 - 15.03.2017 18:00","18876","18703"
"15.03.2017 18:00 - 15.03.2017 19:00","19495","18983"
"15.03.2017 19:00 - 15.03.2017 20:00","19631","19024"
"15.03.2017 20:00 - 15.03.2017 21:00","19199","18540"
"15.03.2017 21:00 - 15.03.2017 22:00","18438","17580"
"15.03.2017 22:00 - 15.03.2017 23:00","17401","16507"
"15.03.2017 23:00 - 16.03.2017 00:00","16400","15674"
"16.03.2017 00:00 - 16.03.2017 01:00","15898","15354"
"16.03.2017 01:00 - 16.03.2017 02:00","15637","15162"
"16.03.2017 02:00 - 16.03.2017 03:00","15584","15191"
"16.03.2017 03:00 - 16.03.2017 04:00","15678","15282"
"16.03.2017 04:00 - 16.03.2017 05:00","15972","15543"
"16.03.2017 05:00 - 16.03.2017 06:00","16782","16541"
"16.03.2017 06:00 - 16.03.2017 07:00","18431","18206"
"16.03.2017 07:00 - 16.03.2017 08:00","19942","19755"
"16.03.2017 08:00 - 16.03.2017 09:00","20291","19732"
"16.03.2017 09:00 - 16.03.2017 10:00","19969","19076"
"16.03.2017 10:00 - 16.03.2017 11:00","19738","18763"
"16.03.2017 11:00 - 16.03.2017 12:00","19434","18907"
"16.03.2017 12:00 - 16.03.2017 13:00","19145","18767"
"16.03.2017 13:00 - 16.03.2017 14:00","18875","18564"
"16.03.2017 14:00 - 16.03.2017 15:00","18749","18502"
"16.03.2017 15:00 - 16.03.2017 16:00","18839","18754"
"16.03.2017 16:00 - 16.03.2017 17:00","18779","18986"
"16.03.2017 17:00 - 16.03.2017 18:00","19127","19244"
"16.03.2017 18:00 - 16.03.2017 19:00","19609","19303"
"16.03.2017 19:00 - 16.03.2017 20:00","19624","19445"
"16.03.2017 20:00 - 16.03.2017 21:00","19128","18373"
"16.03.2017 21:00 - 16.03.2017 22:00","18333","17106"
"16.03.2017 22:00 - 16.03.2017 23:00","17241","16224"
"16.03.2017 23:00 - 17.03.2017 00:00","16168","15189"
"17.03.2017 00:00 - 17.03.2017 01:00","15279","14911"
"17.03.2017 01:00 - 17.03.2017 02:00","14934","14870"
"17.03.2017 02:00 - 17.03.2017 03:00","14833","14519"
"17.03.2017 03:00 - 17.03.2017 04:00","14897","14784"
"17.03.2017 04:00 - 17.03.2017 05:00","15164","14973"
"17.03.2017 05:00 - 17.03.2017 06:00","15967","15747"
"17.03.2017 06:00 - 17.03.2017 07:00","17578","17517"
"17.03.2017 07:00 - 17.03.2017 08:00","19096","18843"
"17.03.2017 08:00 - 17.03.2017 09:00","19557","19034"
"17.03.2017 09:00 - 17.03.2017 10:00","19473","19099"
"17.03.2017 10:00 - 17.03.2017 11:00","19323","18780"
"17.03.2017 11:00 - 17.03.2017 12:00","19103","18506"
"17.03.2017 12:00 - 17.03.2017 13:00","18825","18065"
"17.03.2017 13:00 - 17.03.2017 14:00","18415","17863"
"17.03.2017 14:00 - 17.03.2017 15:00","18123","17718"
"17.03.2017 15:00 - 17.03.2017 16:00","17940","17727"
"17.03.2017 16:00 - 17.03.2017 17:00","17913","17608"
"17.03.2017 17:00 - 17.03.2017 18:00","18418","18392"
"17.03.2017 18:00 - 17.03.2017 19:00","18972","18884"
"17.03.2017 19:00 - 17.03.2017 20:00","18896","18725"
"17.03.2017 20:00 - 17.03.2017 21:00","18300","17891"
"17.03.2017 21:00 - 17.03.2017 22:00","17613","16991"
"17.03.2017 22:00 - 17.03.2017 23:00","16925","16327"
"17.03.2017 23:00 - 18.03.2017 00:00","16259","15614"
"18.03.2017 00:00 - 18.03.2017 01:00","15747","15315"
"18.03.2017 01:00 - 18.03.2017 02:00","15454","15189"
"18.03.2017 02:00 - 18.03.2017 03:00","15358","15253"
"18.03.2017 03:00 - 18.03.2017 04:00","15369","15148"
"18.03.2017 04:00 - 18.03.2017 05:00","15518","15289"
"18.03.2017 05:00 - 18.03.2017 06:00","15742","15393"
"18.03.2017 06:00 - 18.03.2017 07:00","16045","15450"
"18.03.2017 07:00 - 18.03.2017 08:00","16525","16273"
"18.03.2017 08:00 - 18.03.2017 09:00","17120","17143"
"18.03.2017 09:00 - 18.03.2017 10:00","17541","17626"
"18.03.2017 10:00 - 18.03.2017 11:00","17644","17709"
"18.03.2017 11:00 - 18.03.2017 12:00","17475","17384"
"18.03.2017 12:00 - 18.03.2017 13:00","17204","17032"
"18.03.2017 13:00 - 18.03.2017 14:00","16917","16631"
"18.03.2017 14:00 - 18.03.2017 15:00","16758","16399"
"18.03.2017 15:00 - 18.03.2017 16:00","16767","16393"
"18.03.2017 16:00 - 18.03.2017 17:00","16943","16609"
"18.03.2017 17:00 - 18.03.2017 18:00","17526","17326"
"18.03.2017 18:00 - 18.03.2017 19:00","18274","17932"
"18.03.2017 19:00 - 18.03.2017 20:00","18391","18145"
"18.03.2017 20:00 - 18.03.2017 21:00","17944","17631"
"18.03.2017 21:00 - 18.03.2017 22:00","17433","16950"
"18.03.2017 22:00 - 18.03.2017 23:00","16965","16464"
"18.03.2017 23:00 - 19.03.2017 00:00","16474","15976"
"19.03.2017 00:00 - 19.03.2017 01:00","15833","15732"
"19.03.2017 01:00 - 19.03.2017 02:00","15645","15708"
"19.03.2017 02:00 - 19.03.2017 03:00","15583","15863"
"19.03.2017 03:00 - 19.03.2017 04:00","15620","15970"
"19.03.2017 04:00 - 19.03.2017 05:00","15750","16228"
"19.03.2017 05:00 - 19.03.2017 06:00","15987","16344"
"19.03.2017 06:00 - 19.03.2017 07:00","16191","16469"
"19.03.2017 07:00 - 19.03.2017 08:00","16502","16749"
"19.03.2017 08:00 - 19.03.2017 09:00","16993","17333"
"19.03.2017 09:00 - 19.03.2017 10:00","17354","17943"
"19.03.2017 10:00 - 19.03.2017 11:00","17505","18326"
"19.03.2017 11:00 - 19.03.2017 12:00","17533","18217"
"19.03.2017 12:00 - 19.03.2017 13:00","17400","17228"
"19.03.2017 13:00 - 19.03.2017 14:00","17227","16853"
"19.03.2017 14:00 - 19.03.2017 15:00","17091","16712"
"19.03.2017 15:00 - 19.03.2017 16:00","17146","16813"
"19.03.2017 16:00 - 19.03.2017 17:00","17412","17201"
"19.03.2017 17:00 - 19.03.2017 18:00","18069","18305"
"19.03.2017 18:00 - 19.03.2017 19:00","18879","19255"
"19.03.2017 19:00 - 19.03.2017 20:00","19184","19491"
"19.03.2017 20:00 - 19.03.2017 21:00","18893","18666"
"19.03.2017 21:00 - 19.03.2017 22:00","18299","17972"
"19.03.2017 22:00 - 19.03.2017 23:00","17554","17198"
"19.03.2017 23:00 - 20.03.2017 00:00","16810","16560"
"20.03.2017 00:00 - 20.03.2017 01:00","16037","16000"
"20.03.2017 01:00 - 20.03.2017 02:00","15871","15728"
"20.03.2017 02:00 - 20.03.2017 03:00","15830","15636"
"20.03.2017 03:00 - 20.03.2017 04:00","15909","15867"
"20.03.2017 04:00 - 20.03.2017 05:00","16144","16111"
"20.03.2017 05:00 - 20.03.2017 06:00","16858","16732"
"20.03.2017 06:00 - 20.03.2017 07:00","18525","18427"
"20.03.2017 07:00 - 20.03.2017 08:00","20083","20129"
"20.03.2017 08:00 - 20.03.2017 09:00","20610","20809"
"20.03.2017 09:00 - 20.03.2017 10:00","20454","20344"
"20.03.2017 10:00 - 20.03.2017 11:00","20175","20369"
"20.03.2017 11:00 - 20.03.2017 12:00","20031","20185"
"20.03.2017 12:00 - 20.03.2017 13:00","19796","19938"
"20.03.2017 13:00 - 20.03.2017 14:00","19612","19555"
"20.03.2017 14:00 - 20.03.2017 15:00","19441","19330"
"20.03.2017 15:00 - 20.03.2017 16:00","19338","19414"
"20.03.2017 16:00 - 20.03.2017 17:00","19447","19626"
"20.03.2017 17:00 - 20.03.2017 18:00","19728","20031"
"20.03.2017 18:00 - 20.03.2017 19:00","20124","20267"
"20.03.2017 19:00 - 20.03.2017 20:00","20189","19718"
"20.03.2017 20:00 - 20.03.2017 21:00","19612","19073"
"20.03.2017 21:00 - 20.03.2017 22:00","18900","18084"
"20.03.2017 22:00 - 20.03.2017 23:00","17892","16930"
"20.03.2017 23:00 - 21.03.2017 00:00","16918","16144"
"21.03.2017 00:00 - 21.03.2017 01:00","16214","15181"
"21.03.2017 01:00 - 21.03.2017 02:00","15881","14735"
"21.03.2017 02:00 - 21.03.2017 03:00","15725","14761"
"21.03.2017 03:00 - 21.03.2017 04:00","15711","14802"
"21.03.2017 04:00 - 21.03.2017 05:00","15937","15018"
"21.03.2017 05:00 - 21.03.2017 06:00","16692","15490"
"21.03.2017 06:00 - 21.03.2017 07:00","18415","17228"
"21.03.2017 07:00 - 21.03.2017 08:00","19997","18514"
"21.03.2017 08:00 - 21.03.2017 09:00","20310","18538"
"21.03.2017 09:00 - 21.03.2017 10:00","20143","18472"
"21.03.2017 10:00 - 21.03.2017 11:00","19856","18499"
"21.03.2017 11:00 - 21.03.2017 12:00","19699","18460"
"21.03.2017 12:00 - 21.03.2017 13:00","19397","18505"
"21.03.2017 13:00 - 21.03.2017 14:00","19229","18132"
"21.03.2017 14:00 - 21.03.2017 15:00","19032","18194"
"21.03.2017 15:00 - 21.03.2017 16:00","19030","18245"
"21.03.2017 16:00 - 21.03.2017 17:00","19188","18305"
"21.03.2017 17:00 - 21.03.2017 18:00","19524","18803"
"21.03.2017 18:00 - 21.03.2017 19:00","19958","19054"
"21.03.2017 19:00 - 21.03.2017 20:00","20094","19414"
"21.03.2017 20:00 - 21.03.2017 21:00","19560","18873"
"21.03.2017 21:00 - 21.03.2017 22:00","18845","17934"
"21.03.2017 22:00 - 21.03.2017 23:00","17836","17092"
"21.03.2017 23:00 - 22.03.2017 00:00","16849","16220"
"22.03.2017 00:00 - 22.03.2017 01:00","15768","16033"
"22.03.2017 01:00 - 22.03.2017 02:00","15461","15645"
"22.03.2017 02:00 - 22.03.2017 03:00","15357","15455"
"22.03.2017 03:00 - 22.03.2017 04:00","15395","15472"
"22.03.2017 04:00 - 22.03.2017 05:00","15630","15738"
"22.03.2017 05:00 - 22.03.2017 06:00","16352","16319"
"22.03.2017 06:00 - 22.03.2017 07:00","17826","18017"
"22.03.2017 07:00 - 22.03.2017 08:00","19262","19425"
"22.03.2017 08:00 - 22.03.2017 09:00","19659","19693"
"22.03.2017 09:00 - 22.03.2017 10:00","19469","19427"
"22.03.2017 10:00 - 22.03.2017 11:00","19301","19352"
"22.03.2017 11:00 - 22.03.2017 12:00","19103","19065"
"22.03.2017 12:00 - 22.03.2017 13:00","18874","18739"
"22.03.2017 13:00 - 22.03.2017 14:00","18653","18824"
"22.03.2017 14:00 - 22.03.2017 15:00","18500","18513"
"22.03.2017 15:00 - 22.03.2017 16:00","18461","17992"
"22.03.2017 16:00 - 22.03.2017 17:00","18406","17943"
"22.03.2017 17:00 - 22.03.2017 18:00","18745","18547"
"22.03.2017 18:00 - 22.03.2017 19:00","19190","19336"
"22.03.2017 19:00 - 22.03.2017 20:00","19337","19307"
"22.03.2017 20:00 - 22.03.2017 21:00","19048","18762"
"22.03.2017 21:00 - 22.03.2017 22:00","18387","17916"
"22.03.2017 22:00 - 22.03.2017 23:00","17405","17034"
"22.03.2017 23:00 - 23.03.2017 00:00","16449","16312"
"23.03.2017 00:00 - 23.03.2017 01:00","16135","15815"
"23.03.2017 01:00 - 23.03.2017 02:00","15888","15616"
"23.03.2017 02:00 - 23.03.2017 03:00","15852","15784"
"23.03.2017 03:00 - 23.03.2017 04:00","15953","16098"
"23.03.2017 04:00 - 23.03.2017 05:00","16238","16265"
"23.03.2017 05:00 - 23.03.2017 06:00","16977","16916"
"23.03.2017 06:00 - 23.03.2017 07:00","18404","18644"
"23.03.2017 07:00 - 23.03.2017 08:00","19783","19967"
"23.03.2017 08:00 - 23.03.2017 09:00","20136","19766"
"23.03.2017 09:00 - 23.03.2017 10:00","19872","19068"
"23.03.2017 10:00 - 23.03.2017 11:00","19650","18620"
"23.03.2017 11:00 - 23.03.2017 12:00","19396","18113"
"23.03.2017 12:00 - 23.03.2017 13:00","19157","17726"
"23.03.2017 13:00 - 23.03.2017 14:00","18949","17610"
"23.03.2017 14:00 - 23.03.2017 15:00","18793","17542"
"23.03.2017 15:00 - 23.03.2017 16:00","18740","17678"
"23.03.2017 16:00 - 23.03.2017 17:00","18690","17778"
"23.03.2017 17:00 - 23.03.2017 18:00","19023","18236"
"23.03.2017 18:00 - 23.03.2017 19:00","19504","18791"
"23.03.2017 19:00 - 23.03.2017 20:00","19722","19227"
"23.03.2017 20:00 - 23.03.2017 21:00","19523","18762"
"23.03.2017 21:00 - 23.03.2017 22:00","18925","18141"
"23.03.2017 22:00 - 23.03.2017 23:00","18020","17156"
"23.03.2017 23:00 - 24.03.2017 00:00","17127","16460"
"24.03.2017 00:00 - 24.03.2017 01:00","16334","15983"
"24.03.2017 01:00 - 24.03.2017 02:00","16087","15749"
"24.03.2017 02:00 - 24.03.2017 03:00","16031","15806"
"24.03.2017 03:00 - 24.03.2017 04:00","16115","16276"
"24.03.2017 04:00 - 24.03.2017 05:00","16376","16755"
"24.03.2017 05:00 - 24.03.2017 06:00","17079","17496"
"24.03.2017 06:00 - 24.03.2017 07:00","18454","18858"
"24.03.2017 07:00 - 24.03.2017 08:00","19773","20328"
"24.03.2017 08:00 - 24.03.2017 09:00","20093","20187"
"24.03.2017 09:00 - 24.03.2017 10:00","19780","19417"
"24.03.2017 10:00 - 24.03.2017 11:00","19544","19172"
"24.03.2017 11:00 - 24.03.2017 12:00","19184","18461"
"24.03.2017 12:00 - 24.03.2017 13:00","18816","17859"
"24.03.2017 13:00 - 24.03.2017 14:00","18382","17440"
"24.03.2017 14:00 - 24.03.2017 15:00","18052","16933"
"24.03.2017 15:00 - 24.03.2017 16:00","17827","16764"
"24.03.2017 16:00 - 24.03.2017 17:00","17779","16988"
"24.03.2017 17:00 - 24.03.2017 18:00","18102","17647"
"24.03.2017 18:00 - 24.03.2017 19:00","18557","18095"
"24.03.2017 19:00 - 24.03.2017 20:00","18569","18133"
"24.03.2017 20:00 - 24.03.2017 21:00","18141","17566"
"24.03.2017 21:00 - 24.03.2017 22:00","17527","16839"
"24.03.2017 22:00 - 24.03.2017 23:00","16874","15857"
"24.03.2017 23:00 - 25.03.2017 00:00","16224","15330"
"25.03.2017 00:00 - 25.03.2017 01:00","15653","14766"
"25.03.2017 01:00 - 25.03.2017 02:00","15402","14577"
"25.03.2017 02:00 - 25.03.2017 03:00","15296","14482"
"25.03.2017 03:00 - 25.03.2017 04:00","15276","14380"
"25.03.2017 04:00 - 25.03.2017 05:00","15344","14429"
"25.03.2017 05:00 - 25.03.2017 06:00","15499","14536"
"25.03.2017 06:00 - 25.03.2017 07:00","15673","14803"
"25.03.2017 07:00 - 25.03.2017 08:00","16071","15516"
"25.03.2017 08:00 - 25.03.2017 09:00","16566","16061"
"25.03.2017 09:00 - 25.03.2017 10:00","16872","16249"
"25.03.2017 10:00 - 25.03.2017 11:00","16923","16244"
"25.03.2017 11:00 - 25.03.2017 12:00","16699","16187"
"25.03.2017 12:00 - 25.03.2017 13:00","16418","15776"
"25.03.2017 13:00 - 25.03.2017 14:00","16119","15606"
"25.03.2017 14:00 - 25.03.2017 15:00","15908","15124"
"25.03.2017 15:00 - 25.03.2017 16:00","15850","15302"
"25.03.2017 16:00 - 25.03.2017 17:00","16005","15539"
"25.03.2017 17:00 - 25.03.2017 18:00","16435","16217"
"25.03.2017 18:00 - 25.03.2017 19:00","17004","16931"
"25.03.2017 19:00 - 25.03.2017 20:00","17145","17063"
"25.03.2017 20:00 - 25.03.2017 21:00","16857","16429"
"25.03.2017 21:00 - 25.03.2017 22:00","16414","15887"
"25.03.2017 22:00 - 25.03.2017 23:00","15959","15433"
"25.03.2017 23:00 - 26.03.2017 00:00","15492","14564"
"26.03.2017 00:00 - 26.03.2017 01:00","15106","14252"
"26.03.2017 01:00 - 26.03.2017 02:00","14903","14049"
"26.03.2017 02:00 - 26.03.2017 03:00","",""
"26.03.2017 03:00 - 26.03.2017 04:00","14730","14065"
"26.03.2017 04:00 - 26.03.2017 05:00","14736","14043"
"26.03.2017 05:00 - 26.03.2017 06:00","14821","14144"
"26.03.2017 06:00 - 26.03.2017 07:00","14862","14112"
"26.03.2017 07:00 - 26.03.2017 08:00","15066","14291"
"26.03.2017 08:00 - 26.03.2017 09:00","15430","14749"
"26.03.2017 09:00 - 26.03.2017 10:00","15689","15422"
"26.03.2017 10:00 - 26.03.2017 11:00","15844","15652"
"26.03.2017 11:00 - 26.03.2017 12:00","15805","15668"
"26.03.2017 12:00 - 26.03.2017 13:00","15660","15377"
"26.03.2017 13:00 - 26.03.2017 14:00","15428","15026"
"26.03.2017 14:00 - 26.03.2017 15:00","15230","14664"
"26.03.2017 15:00 - 26.03.2017 16:00","15150","14471"
"26.03.2017 16:00 - 26.03.2017 17:00","15289","14388"
"26.03.2017 17:00 - 26.03.2017 18:00","15686","14776"
"26.03.2017 18:00 - 26.03.2017 19:00","16302","15201"
"26.03.2017 19:00 - 26.03.2017 20:00","16653","15955"
"26.03.2017 20:00 - 26.03.2017 21:00","16607","16187"
"26.03.2017 21:00 - 26.03.2017 22:00","16149","15563"
"26.03.2017 22:00 - 26.03.2017 23:00","15545","15078"
"26.03.2017 23:00 - 27.03.2017 00:00","14943","14146"
"27.03.2017 00:00 - 27.03.2017 01:00","14137","13623"
"27.03.2017 01:00 - 27.03.2017 02:00","13950","13481"
"27.03.2017 02:00 - 27.03.2017 03:00","13921","13641"
"27.03.2017 03:00 - 27.03.2017 04:00","14010","13846"
"27.03.2017 04:00 - 27.03.2017 05:00","14286","14197"
"27.03.2017 05:00 - 27.03.2017 06:00","15002","15133"
"27.03.2017 06:00 - 27.03.2017 07:00","16460","16610"
"27.03.2017 07:00 - 27.03.2017 08:00","17917","17907"
"27.03.2017 08:00 - 27.03.2017 09:00","18382","18347"
"27.03.2017 09:00 - 27.03.2017 10:00","18193","18153"
"27.03.2017 10:00 - 27.03.2017 11:00","17944","18301"
"27.03.2017 11:00 - 27.03.2017 12:00","17638","17975"
"27.03.2017 12:00 - 27.03.2017 13:00","17285","17563"
"27.03.2017 13:00 - 27.03.2017 14:00","16974","17273"
"27.03.2017 14:00 - 27.03.2017 15:00","16788","16970"
"27.03.2017 15:00 - 27.03.2017 16:00","16688","16749"
"27.03.2017 16:00 - 27.03.2017 17:00","16588","16430"
"27.03.2017 17:00 - 27.03.2017 18:00","16848","16790"
"27.03.2017 18:00 - 27.03.2017 19:00","17234","17041"
"27.03.2017 19:00 - 27.03.2017 20:00","17455","17272"
"27.03.2017 20:00 - 27.03.2017 21:00","17345","17419"
"27.03.2017 21:00 - 27.03.2017 22:00","16763","16587"
"27.03.2017 22:00 - 27.03.2017 23:00","15835","15598"
"27.03.2017 23:00 - 28.03.2017 00:00","14945","14593"
"28.03.2017 00:00 - 28.03.2017 01:00","14271","13988"
"28.03.2017 01:00 - 28.03.2017 02:00","14002","13865"
"28.03.2017 02:00 - 28.03.2017 03:00","13931","13957"
"28.03.2017 03:00 - 28.03.2017 04:00","14009","13815"
"28.03.2017 04:00 - 28.03.2017 05:00","14281","13933"
"28.03.2017 05:00 - 28.03.2017 06:00","15000","14965"
"28.03.2017 06:00 - 28.03.2017 07:00","16607","16963"
"28.03.2017 07:00 - 28.03.2017 08:00","17989","18671"
"28.03.2017 08:00 - 28.03.2017 09:00","18473","18696"
"28.03.2017 09:00 - 28.03.2017 10:00","18212","18263"
"28.03.2017 10:00 - 28.03.2017 11:00","17883","18104"
"28.03.2017 11:00 - 28.03.2017 12:00","17708","17959"
"28.03.2017 12:00 - 28.03.2017 13:00","17529","17615"
"28.03.2017 13:00 - 28.03.2017 14:00","17337","17028"
"28.03.2017 14:00 - 28.03.2017 15:00","17187","16818"
"28.03.2017 15:00 - 28.03.2017 16:00","17139","16703"
"28.03.2017 16:00 - 28.03.2017 17:00","17065","16726"
"28.03.2017 17:00 - 28.03.2017 18:00","17337","16998"
"28.03.2017 18:00 - 28.03.2017 19:00","17703","17254"
"28.03.2017 19:00 - 28.03.2017 20:00","17908","17719"
"28.03.2017 20:00 - 28.03.2017 21:00","17813","17870"
"28.03.2017 21:00 - 28.03.2017 22:00","17254","16874"
"28.03.2017 22:00 - 28.03.2017 23:00","16334","16147"
"28.03.2017 23:00 - 29.03.2017 00:00","15422","15126"
"29.03.2017 00:00 - 29.03.2017 01:00","14594","14480"
"29.03.2017 01:00 - 29.03.2017 02:00","14324","14474"
"29.03.2017 02:00 - 29.03.2017 03:00","14263","14365"
"29.03.2017 03:00 - 29.03.2017 04:00","14346","14533"
"29.03.2017 04:00 - 29.03.2017 05:00","14639","14618"
"29.03.2017 05:00 - 29.03.2017 06:00","15393","15236"
"29.03.2017 06:00 - 29.03.2017 07:00","17092","17275"
"29.03.2017 07:00 - 29.03.2017 08:00","18736","18832"
"29.03.2017 08:00 - 29.03.2017 09:00","19279","19492"
"29.03.2017 09:00 - 29.03.2017 10:00","19089","19316"
"29.03.2017 10:00 - 29.03.2017 11:00","18784","19503"
"29.03.2017 11:00 - 29.03.2017 12:00","18586","19207"
"29.03.2017 12:00 - 29.03.2017 13:00","18521","18731"
"29.03.2017 13:00 - 29.03.2017 14:00","18384","18658"
"29.03.2017 14:00 - 29.03.2017 15:00","18268","18335"
"29.03.2017 15:00 - 29.03.2017 16:00","18230","18305"
"29.03.2017 16:00 - 29.03.2017 17:00","18102","18158"
"29.03.2017 17:00 - 29.03.2017 18:00","18327","18366"
"29.03.2017 18:00 - 29.03.2017 19:00","18617","18603"
"29.03.2017 19:00 - 29.03.2017 20:00","18738","18809"
"29.03.2017 20:00 - 29.03.2017 21:00","18576","18981"
"29.03.2017 21:00 - 29.03.2017 22:00","17968","17976"
"29.03.2017 22:00 - 29.03.2017 23:00","17042","17068"
"29.03.2017 23:00 - 30.03.2017 00:00","16142","16160"
"30.03.2017 00:00 - 30.03.2017 01:00","15469","15580"
"30.03.2017 01:00 - 30.03.2017 02:00","15209","15316"
"30.03.2017 02:00 - 30.03.2017 03:00","15157","15376"
"30.03.2017 03:00 - 30.03.2017 04:00","15248","15374"
"30.03.2017 04:00 - 30.03.2017 05:00","15529","15544"
"30.03.2017 05:00 - 30.03.2017 06:00","16274","16448"
"30.03.2017 06:00 - 30.03.2017 07:00","18123","18227"
"30.03.2017 07:00 - 30.03.2017 08:00","19576","19509"
"30.03.2017 08:00 - 30.03.2017 09:00","19912","19675"
"30.03.2017 09:00 - 30.03.2017 10:00","19422","19514"
"30.03.2017 10:00 - 30.03.2017 11:00","19101","19465"
"30.03.2017 11:00 - 30.03.2017 12:00","18962","18960"
"30.03.2017 12:00 - 30.03.2017 13:00","18847","18791"
"30.03.2017 13:00 - 30.03.2017 14:00","18692","18600"
"30.03.2017 14:00 - 30.03.2017 15:00","18573","18417"
"30.03.2017 15:00 - 30.03.2017 16:00","18536","18495"
"30.03.2017 16:00 - 30.03.2017 17:00","18429","18712"
"30.03.2017 17:00 - 30.03.2017 18:00","18645","18932"
"30.03.2017 18:00 - 30.03.2017 19:00","18898","18866"
"30.03.2017 19:00 - 30.03.2017 20:00","18977","18659"
"30.03.2017 20:00 - 30.03.2017 21:00","18746","18468"
"30.03.2017 21:00 - 30.03.2017 22:00","18085","17890"
"30.03.2017 22:00 - 30.03.2017 23:00","17028","17026"
"30.03.2017 23:00 - 31.03.2017 00:00","16014","16037"
"31.03.2017 00:00 - 31.03.2017 01:00","15216","15199"
"31.03.2017 01:00 - 31.03.2017 02:00","14853","14958"
"31.03.2017 02:00 - 31.03.2017 03:00","14724","14904"
"31.03.2017 03:00 - 31.03.2017 04:00","14761","14890"
"31.03.2017 04:00 - 31.03.2017 05:00","14992","14945"
"31.03.2017 05:00 - 31.03.2017 06:00","15711","15614"
"31.03.2017 06:00 - 31.03.2017 07:00","17393","17376"
"31.03.2017 07:00 - 31.03.2017 08:00","19062","18829"
"31.03.2017 08:00 - 31.03.2017 09:00","19520","19207"
"31.03.2017 09:00 - 31.03.2017 10:00","19429","19130"
"31.03.2017 10:00 - 31.03.2017 11:00","19071","19247"
"31.03.2017 11:00 - 31.03.2017 12:00","18728","18675"
"31.03.2017 12:00 - 31.03.2017 13:00","18263","18360"
"31.03.2017 13:00 - 31.03.2017 14:00","17811","17813"
"31.03.2017 14:00 - 31.03.2017 15:00","17443","17376"
"31.03.2017 15:00 - 31.03.2017 16:00","17141","17101"
"31.03.2017 16:00 - 31.03.2017 17:00","16913","16921"
"31.03.2017 17:00 - 31.03.2017 18:00","17118","16995"
"31.03.2017 18:00 - 31.03.2017 19:00","17395","17358"
"31.03.2017 19:00 - 31.03.2017 20:00","17343","17286"
"31.03.2017 20:00 - 31.03.2017 21:00","16990","17017"
"31.03.2017 21:00 - 31.03.2017 22:00","16365","16381"
"31.03.2017 22:00 - 31.03.2017 23:00","15655","15769"
"31.03.2017 23:00 - 01.04.2017 00:00","14912","14836"
"01.04.2017 00:00 - 01.04.2017 01:00","14608","14422"
"01.04.2017 01:00 - 01.04.2017 02:00","14227","14120"
"01.04.2017 02:00 - 01.04.2017 03:00","14051","13918"
"01.04.2017 03:00 - 01.04.2017 04:00","13995","13829"
"01.04.2017 04:00 - 01.04.2017 05:00","14035","14036"
"01.04.2017 05:00 - 01.04.2017 06:00","14145","14315"
"01.04.2017 06:00 - 01.04.2017 07:00","14292","14498"
"01.04.2017 07:00 - 01.04.2017 08:00","14723","14820"
"01.04.2017 08:00 - 01.04.2017 09:00","15457","15560"
"01.04.2017 09:00 - 01.04.2017 10:00","15856","16046"
"01.04.2017 10:00 - 01.04.2017 11:00","15786","16263"
"01.04.2017 11:00 - 01.04.2017 12:00","15647","16220"
"01.04.2017 12:00 - 01.04.2017 13:00","15245","16007"
"01.04.2017 13:00 - 01.04.2017 14:00","14913","15742"
"01.04.2017 14:00 - 01.04.2017 15:00","14613","15130"
"01.04.2017 15:00 - 01.04.2017 16:00","14476","14727"
"01.04.2017 16:00 - 01.04.2017 17:00","14600","14992"
"01.04.2017 17:00 - 01.04.2017 18:00","15001","15241"
"01.04.2017 18:00 - 01.04.2017 19:00","15484","15494"
"01.04.2017 19:00 - 01.04.2017 20:00","15639","15564"
"01.04.2017 20:00 - 01.04.2017 21:00","15465","15740"
"01.04.2017 21:00 - 01.04.2017 22:00","15013","15024"
"01.04.2017 22:00 - 01.04.2017 23:00","14499","14414"
"01.04.2017 23:00 - 02.04.2017 00:00","13963","14057"
"02.04.2017 00:00 - 02.04.2017 01:00","13725","13577"
"02.04.2017 01:00 - 02.04.2017 02:00","13500","13273"
"02.04.2017 02:00 - 02.04.2017 03:00","13382","13218"
"02.04.2017 03:00 - 02.04.2017 04:00","13372","13173"
"02.04.2017 04:00 - 02.04.2017 05:00","13426","13211"
"02.04.2017 05:00 - 02.04.2017 06:00","13528","13364"
"02.04.2017 06:00 - 02.04.2017 07:00","13584","13206"
"02.04.2017 07:00 - 02.04.2017 08:00","13838","13501"
"02.04.2017 08:00 - 02.04.2017 09:00","14282","14132"
"02.04.2017 09:00 - 02.04.2017 10:00","14758","14802"
"02.04.2017 10:00 - 02.04.2017 11:00","15074","15341"
"02.04.2017 11:00 - 02.04.2017 12:00","15134","15369"
"02.04.2017 12:00 - 02.04.2017 13:00","15051","14918"
"02.04.2017 13:00 - 02.04.2017 14:00","14839","14652"
"02.04.2017 14:00 - 02.04.2017 15:00","14644","14777"
"02.04.2017 15:00 - 02.04.2017 16:00","14563","15132"
"02.04.2017 16:00 - 02.04.2017 17:00","14675","15150"
"02.04.2017 17:00 - 02.04.2017 18:00","15022","15206"
"02.04.2017 18:00 - 02.04.2017 19:00","15527","15443"
"02.04.2017 19:00 - 02.04.2017 20:00","15887","15572"
"02.04.2017 20:00 - 02.04.2017 21:00","15972","16054"
"02.04.2017 21:00 - 02.04.2017 22:00","15580","15625"
"02.04.2017 22:00 - 02.04.2017 23:00","14895","14735"
"02.04.2017 23:00 - 03.04.2017 00:00","14198","13960"
"03.04.2017 00:00 - 03.04.2017 01:00","13787","13690"
"03.04.2017 01:00 - 03.04.2017 02:00","13594","13648"
"03.04.2017 02:00 - 03.04.2017 03:00","13560","13708"
"03.04.2017 03:00 - 03.04.2017 04:00","13666","13750"
"03.04.2017 04:00 - 03.04.2017 05:00","13947","14021"
"03.04.2017 05:00 - 03.04.2017 06:00","14687","14738"
"03.04.2017 06:00 - 03.04.2017 07:00","16145","16571"
"03.04.2017 07:00 - 03.04.2017 08:00","17691","18259"
"03.04.2017 08:00 - 03.04.2017 09:00","18198","18462"
"03.04.2017 09:00 - 03.04.2017 10:00","18173","18724"
"03.04.2017 10:00 - 03.04.2017 11:00","17898","18527"
"03.04.2017 11:00 - 03.04.2017 12:00","17683","18226"
"03.04.2017 12:00 - 03.04.2017 13:00","17410","17845"
"03.04.2017 13:00 - 03.04.2017 14:00","17131","17511"
"03.04.2017 14:00 - 03.04.2017 15:00","17037","17093"
"03.04.2017 15:00 - 03.04.2017 16:00","16821","16835"
"03.04.2017 16:00 - 03.04.2017 17:00","16664","16555"
"03.04.2017 17:00 - 03.04.2017 18:00","16750","16727"
"03.04.2017 18:00 - 03.04.2017 19:00","16992","16763"
"03.04.2017 19:00 - 03.04.2017 20:00","17159","17299"
"03.04.2017 20:00 - 03.04.2017 21:00","17178","17589"
"03.04.2017 21:00 - 03.04.2017 22:00","16687","16902"
"03.04.2017 22:00 - 03.04.2017 23:00","15792","15559"
"03.04.2017 23:00 - 04.04.2017 00:00","14891","14916"
"04.04.2017 00:00 - 04.04.2017 01:00","14164","14347"
"04.04.2017 01:00 - 04.04.2017 02:00","13856","14142"
"04.04.2017 02:00 - 04.04.2017 03:00","13761","14049"
"04.04.2017 03:00 - 04.04.2017 04:00","13829","14048"
"04.04.2017 04:00 - 04.04.2017 05:00","14083","14015"
"04.04.2017 05:00 - 04.04.2017 06:00","14782","14698"
"04.04.2017 06:00 - 04.04.2017 07:00","16424","16132"
"04.04.2017 07:00 - 04.04.2017 08:00","17957","17862"
"04.04.2017 08:00 - 04.04.2017 09:00","18333","18107"
"04.04.2017 09:00 - 04.04.2017 10:00","18191","18078"
"04.04.2017 10:00 - 04.04.2017 11:00","17905","18038"
"04.04.2017 11:00 - 04.04.2017 12:00","17458","17795"
"04.04.2017 12:00 - 04.04.2017 13:00","17233","17601"
"04.04.2017 13:00 - 04.04.2017 14:00","16968","17335"
"04.04.2017 14:00 - 04.04.2017 15:00","16779","16962"
"04.04.2017 15:00 - 04.04.2017 16:00","16685","16582"
"04.04.2017 16:00 - 04.04.2017 17:00","16579","16462"
"04.04.2017 17:00 - 04.04.2017 18:00","16697","16360"
"04.04.2017 18:00 - 04.04.2017 19:00","16934","16313"
"04.04.2017 19:00 - 04.04.2017 20:00","17184","16790"
"04.04.2017 20:00 - 04.04.2017 21:00","17233","17117"
"04.04.2017 21:00 - 04.04.2017 22:00","16755","16443"
"04.04.2017 22:00 - 04.04.2017 23:00","15824","15653"
"04.04.2017 23:00 - 05.04.2017 00:00","14897","14780"
"05.04.2017 00:00 - 05.04.2017 01:00","14225","14029"
"05.04.2017 01:00 - 05.04.2017 02:00","13939","13631"
"05.04.2017 02:00 - 05.04.2017 03:00","13861","13526"
"05.04.2017 03:00 - 05.04.2017 04:00","13951","13374"
"05.04.2017 04:00 - 05.04.2017 05:00","14225","13908"
"05.04.2017 05:00 - 05.04.2017 06:00","14943","14507"
"05.04.2017 06:00 - 05.04.2017 07:00","16621","16166"
"05.04.2017 07:00 - 05.04.2017 08:00","18165","17750"
"05.04.2017 08:00 - 05.04.2017 09:00","18586","18316"
"05.04.2017 09:00 - 05.04.2017 10:00","18503","18299"
"05.04.2017 10:00 - 05.04.2017 11:00","18326","18066"
"05.04.2017 11:00 - 05.04.2017 12:00","17896","17671"
"05.04.2017 12:00 - 05.04.2017 13:00","17749","17421"
"05.04.2017 13:00 - 05.04.2017 14:00","17582","17048"
"05.04.2017 14:00 - 05.04.2017 15:00","17484","16858"
"05.04.2017 15:00 - 05.04.2017 16:00","17484","16913"
"05.04.2017 16:00 - 05.04.2017 17:00","17384","17037"
"05.04.2017 17:00 - 05.04.2017 18:00","17561","16894"
"05.04.2017 18:00 - 05.04.2017 19:00","17754","17212"
"05.04.2017 19:00 - 05.04.2017 20:00","17883","17338"
"05.04.2017 20:00 - 05.04.2017 21:00","17914","17521"
"05.04.2017 21:00 - 05.04.2017 22:00","17427","16864"
"05.04.2017 22:00 - 05.04.2017 23:00","16492","15996"
"05.04.2017 23:00 - 06.04.2017 00:00","15541","15206"
"06.04.2017 00:00 - 06.04.2017 01:00","14832","14759"
"06.04.2017 01:00 - 06.04.2017 02:00","14533","14704"
"06.04.2017 02:00 - 06.04.2017 03:00","14468","14645"
"06.04.2017 03:00 - 06.04.2017 04:00","14558","14876"
"06.04.2017 04:00 - 06.04.2017 05:00","14825","15077"
"06.04.2017 05:00 - 06.04.2017 06:00","15532","15827"
"06.04.2017 06:00 - 06.04.2017 07:00","16983","17603"
"06.04.2017 07:00 - 06.04.2017 08:00","18506","18933"
"06.04.2017 08:00 - 06.04.2017 09:00","18903","19302"
"06.04.2017 09:00 - 06.04.2017 10:00","18770","18832"
"06.04.2017 10:00 - 06.04.2017 11:00","18533","18468"
"06.04.2017 11:00 - 06.04.2017 12:00","18359","17456"
"06.04.2017 12:00 - 06.04.2017 13:00","18161","17162"
"06.04.2017 13:00 - 06.04.2017 14:00","17925","17009"
"06.04.2017 14:00 - 06.04.2017 15:00","17779","17176"
"06.04.2017 15:00 - 06.04.2017 16:00","17663","16946"
"06.04.2017 16:00 - 06.04.2017 17:00","17487","16626"
"06.04.2017 17:00 - 06.04.2017 18:00","17591","17021"
"06.04.2017 18:00 - 06.04.2017 19:00","17788","17049"
"06.04.2017 19:00 - 06.04.2017 20:00","17985","17239"
"06.04.2017 20:00 - 06.04.2017 21:00","18044","17423"
"06.04.2017 21:00 - 06.04.2017 22:00","17594","16606"
"06.04.2017 22:00 - 06.04.2017 23:00","16687","15680"
"06.04.2017 23:00 - 07.04.2017 00:00","15758","15157"
"07.04.2017 00:00 - 07.04.2017 01:00","14731","14595"
"07.04.2017 01:00 - 07.04.2017 02:00","14449","14503"
"07.04.2017 02:00 - 07.04.2017 03:00","14368","14301"
"07.04.2017 03:00 - 07.04.2017 04:00","14423","14222"
"07.04.2017 04:00 - 07.04.2017 05:00","14645","14406"
"07.04.2017 05:00 - 07.04.2017 06:00","15280","15081"
"07.04.2017 06:00 - 07.04.2017 07:00","16636","16648"
"07.04.2017 07:00 - 07.04.2017 08:00","18055","18335"
"07.04.2017 08:00 - 07.04.2017 09:00","18540","18462"
"07.04.2017 09:00 - 07.04.2017 10:00","18464","18345"
"07.04.2017 10:00 - 07.04.2017 11:00","18044","17999"
"07.04.2017 11:00 - 07.04.2017 12:00","17767","17320"
"07.04.2017 12:00 - 07.04.2017 13:00","17362","16785"
"07.04.2017 13:00 - 07.04.2017 14:00","16823","16458"
"07.04.2017 14:00 - 07.04.2017 15:00","16436","16021"
"07.04.2017 15:00 - 07.04.2017 16:00","16059","15552"
"07.04.2017 16:00 - 07.04.2017 17:00","15901","15396"
"07.04.2017 17:00 - 07.04.2017 18:00","15991","15442"
"07.04.2017 18:00 - 07.04.2017 19:00","16169","15408"
"07.04.2017 19:00 - 07.04.2017 20:00","16241","15489"
"07.04.2017 20:00 - 07.04.2017 21:00","16203","15866"
"07.04.2017 21:00 - 07.04.2017 22:00","15819","15467"
"07.04.2017 22:00 - 07.04.2017 23:00","15209","14803"
"07.04.2017 23:00 - 08.04.2017 00:00","14589","14353"
"08.04.2017 00:00 - 08.04.2017 01:00","14197","13655"
"08.04.2017 01:00 - 08.04.2017 02:00","13916","13492"
"08.04.2017 02:00 - 08.04.2017 03:00","13815","13495"
"08.04.2017 03:00 - 08.04.2017 04:00","13801","13666"
"08.04.2017 04:00 - 08.04.2017 05:00","13867","13685"
"08.04.2017 05:00 - 08.04.2017 06:00","14013","13799"
"08.04.2017 06:00 - 08.04.2017 07:00","14261","14033"
"08.04.2017 07:00 - 08.04.2017 08:00","14642","14500"
"08.04.2017 08:00 - 08.04.2017 09:00","15159","15384"
"08.04.2017 09:00 - 08.04.2017 10:00","15582","15925"
"08.04.2017 10:00 - 08.04.2017 11:00","15556","16015"
"08.04.2017 11:00 - 08.04.2017 12:00","15402","15797"
"08.04.2017 12:00 - 08.04.2017 13:00","15212","15502"
"08.04.2017 13:00 - 08.04.2017 14:00","14888","15437"
"08.04.2017 14:00 - 08.04.2017 15:00","14630","15010"
"08.04.2017 15:00 - 08.04.2017 16:00","14358","14756"
"08.04.2017 16:00 - 08.04.2017 17:00","14438","14823"
"08.04.2017 17:00 - 08.04.2017 18:00","14768","15032"
"08.04.2017 18:00 - 08.04.2017 19:00","15101","15317"
"08.04.2017 19:00 - 08.04.2017 20:00","15279","15010"
"08.04.2017 20:00 - 08.04.2017 21:00","15258","15121"
"08.04.2017 21:00 - 08.04.2017 22:00","15000","14667"
"08.04.2017 22:00 - 08.04.2017 23:00","14526","14068"
"08.04.2017 23:00 - 09.04.2017 00:00","14068","13701"
"09.04.2017 00:00 - 09.04.2017 01:00","N/A","13428"
"09.04.2017 01:00 - 09.04.2017 02:00","N/A","13332"
"09.04.2017 02:00 - 09.04.2017 03:00","N/A","13348"
"09.04.2017 03:00 - 09.04.2017 04:00","N/A","13150"
"09.04.2017 04:00 - 09.04.2017 05:00","N/A","13117"
"09.04.2017 05:00 - 09.04.2017 06:00","N/A","13232"
"09.04.2017 06:00 - 09.04.2017 07:00","N/A","13344"
"09.04.2017 07:00 - 09.04.2017 08:00","N/A","13768"
"09.04.2017 08:00 - 09.04.2017 09:00","N/A","14443"
"09.04.2017 09:00 - 09.04.2017 10:00","N/A","15168"
"09.04.2017 10:00 - 09.04.2017 11:00","N/A","15262"
"09.04.2017 11:00 - 09.04.2017 12:00","N/A","15191"
"09.04.2017 12:00 - 09.04.2017 13:00","N/A","14985"
"09.04.2017 13:00 - 09.04.2017 14:00","N/A","14716"
"09.04.2017 14:00 - 09.04.2017 15:00","N/A","14421"
"09.04.2017 15:00 - 09.04.2017 16:00","N/A","14219"
"09.04.2017 16:00 - 09.04.2017 17:00","N/A","14224"
"09.04.2017 17:00 - 09.04.2017 18:00","N/A","14397"
"09.04.2017 18:00 - 09.04.2017 19:00","N/A","14960"
"09.04.2017 19:00 - 09.04.2017 20:00","N/A","15250"
"09.04.2017 20:00 - 09.04.2017 21:00","N/A","15544"
"09.04.2017 21:00 - 09.04.2017 22:00","N/A","15187"
"09.04.2017 22:00 - 09.04.2017 23:00","N/A","14373"
"09.04.2017 23:00 - 10.04.2017 00:00","N/A","13603"
"10.04.2017 00:00 - 10.04.2017 01:00","13716","13329"
"10.04.2017 01:00 - 10.04.2017 02:00","13508","13288"
"10.04.2017 02:00 - 10.04.2017 03:00","13461","13082"
"10.04.2017 03:00 - 10.04.2017 04:00","13549","13332"
"10.04.2017 04:00 - 10.04.2017 05:00","13784","13635"
"10.04.2017 05:00 - 10.04.2017 06:00","14372","14346"
"10.04.2017 06:00 - 10.04.2017 07:00","15611","15747"
"10.04.2017 07:00 - 10.04.2017 08:00","16874","17055"
"10.04.2017 08:00 - 10.04.2017 09:00","17392","17663"
"10.04.2017 09:00 - 10.04.2017 10:00","17445","17733"
"10.04.2017 10:00 - 10.04.2017 11:00","17404","17687"
"10.04.2017 11:00 - 10.04.2017 12:00","17324","17622"
"10.04.2017 12:00 - 10.04.2017 13:00","17125","17493"
"10.04.2017 13:00 - 10.04.2017 14:00","16931","17549"
"10.04.2017 14:00 - 10.04.2017 15:00","16723","17251"
"10.04.2017 15:00 - 10.04.2017 16:00","16542","17118"
"10.04.2017 16:00 - 10.04.2017 17:00","16398","17103"
"10.04.2017 17:00 - 10.04.2017 18:00","16465","17125"
"10.04.2017 18:00 - 10.04.2017 19:00","16533","16721"
"10.04.2017 19:00 - 10.04.2017 20:00","16663","16833"
"10.04.2017 20:00 - 10.04.2017 21:00","16748","17015"
"10.04.2017 21:00 - 10.04.2017 22:00","16441","16674"
"10.04.2017 22:00 - 10.04.2017 23:00","15659","15862"
"10.04.2017 23:00 - 11.04.2017 00:00","14886","15030"
"11.04.2017 00:00 - 11.04.2017 01:00","14441","14508"
"11.04.2017 01:00 - 11.04.2017 02:00","14161","14732"
"11.04.2017 02:00 - 11.04.2017 03:00","14094","14701"
"11.04.2017 03:00 - 11.04.2017 04:00","14183","14597"
"11.04.2017 04:00 - 11.04.2017 05:00","14450","14767"
"11.04.2017 05:00 - 11.04.2017 06:00","15081","15436"
"11.04.2017 06:00 - 11.04.2017 07:00","16401","16805"
"11.04.2017 07:00 - 11.04.2017 08:00","17741","18041"
"11.04.2017 08:00 - 11.04.2017 09:00","18242","18433"
"11.04.2017 09:00 - 11.04.2017 10:00","18239","18113"
"11.04.2017 10:00 - 11.04.2017 11:00","18124","18339"
"11.04.2017 11:00 - 11.04.2017 12:00","17921","18126"
"11.04.2017 12:00 - 11.04.2017 13:00","17744","17737"
"11.04.2017 13:00 - 11.04.2017 14:00","17468","17661"
"11.04.2017 14:00 - 11.04.2017 15:00","17297","17289"
"11.04.2017 15:00 - 11.04.2017 16:00","17189","17189"
"11.04.2017 16:00 - 11.04.2017 17:00","17007","17235"
"11.04.2017 17:00 - 11.04.2017 18:00","17078","17415"
"11.04.2017 18:00 - 11.04.2017 19:00","17179","17347"
"11.04.2017 19:00 - 11.04.2017 20:00","17339","17790"
"11.04.2017 20:00 - 11.04.2017 21:00","17468","17952"
"11.04.2017 21:00 - 11.04.2017 22:00","17184","17172"
"11.04.2017 22:00 - 11.04.2017 23:00","16373","16187"
"11.04.2017 23:00 - 12.04.2017 00:00","15572","15452"
"12.04.2017 00:00 - 12.04.2017 01:00","14983","14881"
"12.04.2017 01:00 - 12.04.2017 02:00","14668","14659"
"12.04.2017 02:00 - 12.04.2017 03:00","14577","14638"
"12.04.2017 03:00 - 12.04.2017 04:00","14613","14737"
"12.04.2017 04:00 - 12.04.2017 05:00","15102","14779"
"12.04.2017 05:00 - 12.04.2017 06:00","15707","15517"
"12.04.2017 06:00 - 12.04.2017 07:00","17053","16925"
"12.04.2017 07:00 - 12.04.2017 08:00","18541","18259"
"12.04.2017 08:00 - 12.04.2017 09:00","19054","18564"
"12.04.2017 09:00 - 12.04.2017 10:00","19056","18520"
"12.04.2017 10:00 - 12.04.2017 11:00","18911","18381"
"12.04.2017 11:00 - 12.04.2017 12:00","18818","18099"
"12.04.2017 12:00 - 12.04.2017 13:00","18686","18033"
"12.04.2017 13:00 - 12.04.2017 14:00","18467","18201"
"12.04.2017 14:00 - 12.04.2017 15:00","18311","17870"
"12.04.2017 15:00 - 12.04.2017 16:00","18191","17823"
"12.04.2017 16:00 - 12.04.2017 17:00","18005","17527"
"12.04.2017 17:00 - 12.04.2017 18:00","18027","17550"
"12.04.2017 18:00 - 12.04.2017 19:00","18026","17615"
"12.04.2017 19:00 - 12.04.2017 20:00","18089","17620"
"12.04.2017 20:00 - 12.04.2017 21:00","18151","17996"
"12.04.2017 21:00 - 12.04.2017 22:00","17790","17477"
"12.04.2017 22:00 - 12.04.2017 23:00","16589","16215"
"12.04.2017 23:00 - 13.04.2017 00:00","15699","15544"
"13.04.2017 00:00 - 13.04.2017 01:00","15242","14855"
"13.04.2017 01:00 - 13.04.2017 02:00","14956","14516"
"13.04.2017 02:00 - 13.04.2017 03:00","14903","14511"
"13.04.2017 03:00 - 13.04.2017 04:00","15004","14571"
"13.04.2017 04:00 - 13.04.2017 05:00","15265","14691"
"13.04.2017 05:00 - 13.04.2017 06:00","15870","15283"
"13.04.2017 06:00 - 13.04.2017 07:00","17241","16732"
"13.04.2017 07:00 - 13.04.2017 08:00","18573","18412"
"13.04.2017 08:00 - 13.04.2017 09:00","19065","19046"
"13.04.2017 09:00 - 13.04.2017 10:00","18974","19185"
"13.04.2017 10:00 - 13.04.2017 11:00","18812","19051"
"13.04.2017 11:00 - 13.04.2017 12:00","18531","19016"
"13.04.2017 12:00 - 13.04.2017 13:00","18181","18500"
"13.04.2017 13:00 - 13.04.2017 14:00","17770","18184"
"13.04.2017 14:00 - 13.04.2017 15:00","17455","17884"
"13.04.2017 15:00 - 13.04.2017 16:00","17255","17632"
"13.04.2017 16:00 - 13.04.2017 17:00","17171","17572"
"13.04.2017 17:00 - 13.04.2017 18:00","17334","17796"
"13.04.2017 18:00 - 13.04.2017 19:00","17488","17521"
"13.04.2017 19:00 - 13.04.2017 20:00","17576","17334"
"13.04.2017 20:00 - 13.04.2017 21:00","17502","17340"
"13.04.2017 21:00 - 13.04.2017 22:00","17068","16828"
"13.04.2017 22:00 - 13.04.2017 23:00","16296","16026"
"13.04.2017 23:00 - 14.04.2017 00:00","15509","15064"
"14.04.2017 00:00 - 14.04.2017 01:00","14868","14713"
"14.04.2017 01:00 - 14.04.2017 02:00","14601","14404"
"14.04.2017 02:00 - 14.04.2017 03:00","14518","14188"
"14.04.2017 03:00 - 14.04.2017 04:00","14542","14224"
"14.04.2017 04:00 - 14.04.2017 05:00","14614","14205"
"14.04.2017 05:00 - 14.04.2017 06:00","14740","14457"
"14.04.2017 06:00 - 14.04.2017 07:00","14948","14751"
"14.04.2017 07:00 - 14.04.2017 08:00","15312","15364"
"14.04.2017 08:00 - 14.04.2017 09:00","15834","16132"
"14.04.2017 09:00 - 14.04.2017 10:00","16314","16480"
"14.04.2017 10:00 - 14.04.2017 11:00","16559","16705"
"14.04.2017 11:00 - 14.04.2017 12:00","16630","16780"
"14.04.2017 12:00 - 14.04.2017 13:00","16554","16543"
"14.04.2017 13:00 - 14.04.2017 14:00","16312","16342"
"14.04.2017 14:00 - 14.04.2017 15:00","16124","16383"
"14.04.2017 15:00 - 14.04.2017 16:00","16023","16427"
"14.04.2017 16:00 - 14.04.2017 17:00","15939","16433"
"14.04.2017 17:00 - 14.04.2017 18:00","16107","16837"
"14.04.2017 18:00 - 14.04.2017 19:00","16259","16738"
"14.04.2017 19:00 - 14.04.2017 20:00","16358","16852"
"14.04.2017 20:00 - 14.04.2017 21:00","16457","17088"
"14.04.2017 21:00 - 14.04.2017 22:00","16314","16892"
"14.04.2017 22:00 - 14.04.2017 23:00","15863","16363"
"14.04.2017 23:00 - 15.04.2017 00:00","15328","15859"
"15.04.2017 00:00 - 15.04.2017 01:00","14931","15345"
"15.04.2017 01:00 - 15.04.2017 02:00","14700","15008"
"15.04.2017 02:00 - 15.04.2017 03:00","14623","15048"
"15.04.2017 03:00 - 15.04.2017 04:00","14668","14968"
"15.04.2017 04:00 - 15.04.2017 05:00","14756","15156"
"15.04.2017 05:00 - 15.04.2017 06:00","14822","15221"
"15.04.2017 06:00 - 15.04.2017 07:00","14913","15121"
"15.04.2017 07:00 - 15.04.2017 08:00","15204","15504"
"15.04.2017 08:00 - 15.04.2017 09:00","15690","15997"
"15.04.2017 09:00 - 15.04.2017 10:00","16167","16451"
"15.04.2017 10:00 - 15.04.2017 11:00","16272","16639"
"15.04.2017 11:00 - 15.04.2017 12:00","16199","16391"
"15.04.2017 12:00 - 15.04.2017 13:00","16093","16044"
"15.04.2017 13:00 - 15.04.2017 14:00","15944","15863"
"15.04.2017 14:00 - 15.04.2017 15:00","15792","15744"
"15.04.2017 15:00 - 15.04.2017 16:00","15628","15689"
"15.04.2017 16:00 - 15.04.2017 17:00","15566","15461"
"15.04.2017 17:00 - 15.04.2017 18:00","15725","15420"
"15.04.2017 18:00 - 15.04.2017 19:00","15859","15524"
"15.04.2017 19:00 - 15.04.2017 20:00","15956","15676"
"15.04.2017 20:00 - 15.04.2017 21:00","16069","16219"
"15.04.2017 21:00 - 15.04.2017 22:00","16006","16098"
"15.04.2017 22:00 - 15.04.2017 23:00","15620","15795"
"15.04.2017 23:00 - 16.04.2017 00:00","15201","15397"
"16.04.2017 00:00 - 16.04.2017 01:00","15156","15088"
"16.04.2017 01:00 - 16.04.2017 02:00","14930","14912"
"16.04.2017 02:00 - 16.04.2017 03:00","14866","14744"
"16.04.2017 03:00 - 16.04.2017 04:00","14930","14853"
"16.04.2017 04:00 - 16.04.2017 05:00","15071","14848"
"16.04.2017 05:00 - 16.04.2017 06:00","15148","14904"
"16.04.2017 06:00 - 16.04.2017 07:00","15187","14940"
"16.04.2017 07:00 - 16.04.2017 08:00","15301","15343"
"16.04.2017 08:00 - 16.04.2017 09:00","15342","15612"
"16.04.2017 09:00 - 16.04.2017 10:00","15691","15936"
"16.04.2017 10:00 - 16.04.2017 11:00","15858","16013"
"16.04.2017 11:00 - 16.04.2017 12:00","15817","15910"
"16.04.2017 12:00 - 16.04.2017 13:00","15773","15897"
"16.04.2017 13:00 - 16.04.2017 14:00","15636","15779"
"16.04.2017 14:00 - 16.04.2017 15:00","15439","15425"
"16.04.2017 15:00 - 16.04.2017 16:00","15335","15226"
"16.04.2017 16:00 - 16.04.2017 17:00","15446","15261"
"16.04.2017 17:00 - 16.04.2017 18:00","15596","15487"
"16.04.2017 18:00 - 16.04.2017 19:00","15749","15653"
"16.04.2017 19:00 - 16.04.2017 20:00","15986","15919"
"16.04.2017 20:00 - 16.04.2017 21:00","16258","16290"
"16.04.2017 21:00 - 16.04.2017 22:00","16220","16413"
"16.04.2017 22:00 - 16.04.2017 23:00","15733","15911"
"16.04.2017 23:00 - 17.04.2017 00:00","15144","15456"
"17.04.2017 00:00 - 17.04.2017 01:00","14907","14829"
"17.04.2017 01:00 - 17.04.2017 02:00","14766","14746"
"17.04.2017 02:00 - 17.04.2017 03:00","14799","14833"
"17.04.2017 03:00 - 17.04.2017 04:00","14907","14954"
"17.04.2017 04:00 - 17.04.2017 05:00","15029","15111"
"17.04.2017 05:00 - 17.04.2017 06:00","15145","15025"
"17.04.2017 06:00 - 17.04.2017 07:00","15326","15383"
"17.04.2017 07:00 - 17.04.2017 08:00","15605","15673"
"17.04.2017 08:00 - 17.04.2017 09:00","15969","15979"
"17.04.2017 09:00 - 17.04.2017 10:00","16244","16036"
"17.04.2017 10:00 - 17.04.2017 11:00","16400","16217"
"17.04.2017 11:00 - 17.04.2017 12:00","16350","16366"
"17.04.2017 12:00 - 17.04.2017 13:00","16260","16347"
"17.04.2017 13:00 - 17.04.2017 14:00","16111","16269"
"17.04.2017 14:00 - 17.04.2017 15:00","15898","16013"
"17.04.2017 15:00 - 17.04.2017 16:00","15857","15898"
"17.04.2017 16:00 - 17.04.2017 17:00","15845","15876"
"17.04.2017 17:00 - 17.04.2017 18:00","16001","16134"
"17.04.2017 18:00 - 17.04.2017 19:00","16150","15988"
"17.04.2017 19:00 - 17.04.2017 20:00","16472","16339"
"17.04.2017 20:00 - 17.04.2017 21:00","16751","16864"
"17.04.2017 21:00 - 17.04.2017 22:00","16616","16835"
"17.04.2017 22:00 - 17.04.2017 23:00","16094","16151"
"17.04.2017 23:00 - 18.04.2017 00:00","15574","15513"
"18.04.2017 00:00 - 18.04.2017 01:00","15391","15249"
"18.04.2017 01:00 - 18.04.2017 02:00","15191","15273"
"18.04.2017 02:00 - 18.04.2017 03:00","15175","15384"
"18.04.2017 03:00 - 18.04.2017 04:00","15301","15504"
"18.04.2017 04:00 - 18.04.2017 05:00","15564","15790"
"18.04.2017 05:00 - 18.04.2017 06:00","16039","16291"
"18.04.2017 06:00 - 18.04.2017 07:00","17181","18083"
"18.04.2017 07:00 - 18.04.2017 08:00","18390","20027"
"18.04.2017 08:00 - 18.04.2017 09:00","18820","19692"
"18.04.2017 09:00 - 18.04.2017 10:00","18734","19059"
"18.04.2017 10:00 - 18.04.2017 11:00","18574","18751"
"18.04.2017 11:00 - 18.04.2017 12:00","18408","18661"
"18.04.2017 12:00 - 18.04.2017 13:00","18239","18414"
"18.04.2017 13:00 - 18.04.2017 14:00","18011","18416"
"18.04.2017 14:00 - 18.04.2017 15:00","17841","18159"
"18.04.2017 15:00 - 18.04.2017 16:00","17738","18045"
"18.04.2017 16:00 - 18.04.2017 17:00","17606","17770"
"18.04.2017 17:00 - 18.04.2017 18:00","17612","17686"
"18.04.2017 18:00 - 18.04.2017 19:00","17565","17587"
"18.04.2017 19:00 - 18.04.2017 20:00","17602","17715"
"18.04.2017 20:00 - 18.04.2017 21:00","17743","18113"
"18.04.2017 21:00 - 18.04.2017 22:00","17577","17956"
"18.04.2017 22:00 - 18.04.2017 23:00","16868","17144"
"18.04.2017 23:00 - 19.04.2017 00:00","16145","16507"
"19.04.2017 00:00 - 19.04.2017 01:00","15597","15886"
"19.04.2017 01:00 - 19.04.2017 02:00","15301","15945"
"19.04.2017 02:00 - 19.04.2017 03:00","15227","15907"
"19.04.2017 03:00 - 19.04.2017 04:00","15286","16048"
"19.04.2017 04:00 - 19.04.2017 05:00","15463","16384"
"19.04.2017 05:00 - 19.04.2017 06:00","16198","17004"
"19.04.2017 06:00 - 19.04.2017 07:00","17795","18753"
"19.04.2017 07:00 - 19.04.2017 08:00","19077","19641"
"19.04.2017 08:00 - 19.04.2017 09:00","19233","19285"
"19.04.2017 09:00 - 19.04.2017 10:00","19062","18503"
"19.04.2017 10:00 - 19.04.2017 11:00","18804","18122"
"19.04.2017 11:00 - 19.04.2017 12:00","18442","18141"
"19.04.2017 12:00 - 19.04.2017 13:00","18004","17635"
"19.04.2017 13:00 - 19.04.2017 14:00","17779","17275"
"19.04.2017 14:00 - 19.04.2017 15:00","17569","17115"
"19.04.2017 15:00 - 19.04.2017 16:00","17445","16849"
"19.04.2017 16:00 - 19.04.2017 17:00","17306","16693"
"19.04.2017 17:00 - 19.04.2017 18:00","17307","16942"
"19.04.2017 18:00 - 19.04.2017 19:00","17311","16957"
"19.04.2017 19:00 - 19.04.2017 20:00","17349","16945"
"19.04.2017 20:00 - 19.04.2017 21:00","17516","17297"
"19.04.2017 21:00 - 19.04.2017 22:00","17375","16900"
"19.04.2017 22:00 - 19.04.2017 23:00","16640","15992"
"19.04.2017 23:00 - 20.04.2017 00:00","15823","15392"
"20.04.2017 00:00 - 20.04.2017 01:00","15271","14585"
"20.04.2017 01:00 - 20.04.2017 02:00","14971","14337"
"20.04.2017 02:00 - 20.04.2017 03:00","14890","14526"
"20.04.2017 03:00 - 20.04.2017 04:00","14924","14538"
"20.04.2017 04:00 - 20.04.2017 05:00","15064","14662"
"20.04.2017 05:00 - 20.04.2017 06:00","15740","15496"
"20.04.2017 06:00 - 20.04.2017 07:00","17313","16740"
"20.04.2017 07:00 - 20.04.2017 08:00","18722","17837"
"20.04.2017 08:00 - 20.04.2017 09:00","19149","18140"
"20.04.2017 09:00 - 20.04.2017 10:00","18769","17995"
"20.04.2017 10:00 - 20.04.2017 11:00","18345","17798"
"20.04.2017 11:00 - 20.04.2017 12:00","18213","17817"
"20.04.2017 12:00 - 20.04.2017 13:00","18072","17776"
"20.04.2017 13:00 - 20.04.2017 14:00","17940","17878"
"20.04.2017 14:00 - 20.04.2017 15:00","17850","17721"
"20.04.2017 15:00 - 20.04.2017 16:00","17702","17595"
"20.04.2017 16:00 - 20.04.2017 17:00","17537","17565"
"20.04.2017 17:00 - 20.04.2017 18:00","17525","17630"
"20.04.2017 18:00 - 20.04.2017 19:00","17433","17489"
"20.04.2017 19:00 - 20.04.2017 20:00","17356","17299"
"20.04.2017 20:00 - 20.04.2017 21:00","17414","17179"
"20.04.2017 21:00 - 20.04.2017 22:00","17144","16743"
"20.04.2017 22:00 - 20.04.2017 23:00","16303","15762"
"20.04.2017 23:00 - 21.04.2017 00:00","15400","14622"
"21.04.2017 00:00 - 21.04.2017 01:00","14838","14357"
"21.04.2017 01:00 - 21.04.2017 02:00","14493","13982"
"21.04.2017 02:00 - 21.04.2017 03:00","14407","13885"
"21.04.2017 03:00 - 21.04.2017 04:00","14439","13822"
"21.04.2017 04:00 - 21.04.2017 05:00","14599","14119"
"21.04.2017 05:00 - 21.04.2017 06:00","15108","14789"
"21.04.2017 06:00 - 21.04.2017 07:00","16478","16286"
"21.04.2017 07:00 - 21.04.2017 08:00","17880","17814"
"21.04.2017 08:00 - 21.04.2017 09:00","18456","17929"
"21.04.2017 09:00 - 21.04.2017 10:00","18347","17756"
"21.04.2017 10:00 - 21.04.2017 11:00","17980","17523"
"21.04.2017 11:00 - 21.04.2017 12:00","17792","17094"
"21.04.2017 12:00 - 21.04.2017 13:00","17464","16869"
"21.04.2017 13:00 - 21.04.2017 14:00","17120","16503"
"21.04.2017 14:00 - 21.04.2017 15:00","16816","16403"
"21.04.2017 15:00 - 21.04.2017 16:00","16562","16212"
"21.04.2017 16:00 - 21.04.2017 17:00","16355","16118"
"21.04.2017 17:00 - 21.04.2017 18:00","16351","16162"
"21.04.2017 18:00 - 21.04.2017 19:00","16300","16249"
"21.04.2017 19:00 - 21.04.2017 20:00","16256","16138"
"21.04.2017 20:00 - 21.04.2017 21:00","16250","16298"
"21.04.2017 21:00 - 21.04.2017 22:00","16106","16040"
"21.04.2017 22:00 - 21.04.2017 23:00","15589","15656"
"21.04.2017 23:00 - 22.04.2017 00:00","15014","15036"
"22.04.2017 00:00 - 22.04.2017 01:00","14856","14446"
"22.04.2017 01:00 - 22.04.2017 02:00","14616","14281"
"22.04.2017 02:00 - 22.04.2017 03:00","13913","14178"
"22.04.2017 03:00 - 22.04.2017 04:00","13998","14190"
"22.04.2017 04:00 - 22.04.2017 05:00","14117","14239"
"22.04.2017 05:00 - 22.04.2017 06:00","14236","14154"
"22.04.2017 06:00 - 22.04.2017 07:00","14424","14406"
"22.04.2017 07:00 - 22.04.2017 08:00","14801","14824"
"22.04.2017 08:00 - 22.04.2017 09:00","15368","15051"
"22.04.2017 09:00 - 22.04.2017 10:00","15770","15512"
"22.04.2017 10:00 - 22.04.2017 11:00","15859","15554"
"22.04.2017 11:00 - 22.04.2017 12:00","15756","15504"
"22.04.2017 12:00 - 22.04.2017 13:00","15618","15347"
"22.04.2017 13:00 - 22.04.2017 14:00","15425","15171"
"22.04.2017 14:00 - 22.04.2017 15:00","15224","14878"
"22.04.2017 15:00 - 22.04.2017 16:00","15157","14857"
"22.04.2017 16:00 - 22.04.2017 17:00","15243","15081"
"22.04.2017 17:00 - 22.04.2017 18:00","15452","15251"
"22.04.2017 18:00 - 22.04.2017 19:00","15568","15159"
"22.04.2017 19:00 - 22.04.2017 20:00","15555","15302"
"22.04.2017 20:00 - 22.04.2017 21:00","15714","15598"
"22.04.2017 21:00 - 22.04.2017 22:00","15677","15655"
"22.04.2017 22:00 - 22.04.2017 23:00","15440","15156"
"22.04.2017 23:00 - 23.04.2017 00:00","15095","14524"
"23.04.2017 00:00 - 23.04.2017 01:00","14715","14150"
"23.04.2017 01:00 - 23.04.2017 02:00","14455","14126"
"23.04.2017 02:00 - 23.04.2017 03:00","13742","14140"
"23.04.2017 03:00 - 23.04.2017 04:00","13848","14272"
"23.04.2017 04:00 - 23.04.2017 05:00","13977","14377"
"23.04.2017 05:00 - 23.04.2017 06:00","14005","14112"
"23.04.2017 06:00 - 23.04.2017 07:00","14089","14209"
"23.04.2017 07:00 - 23.04.2017 08:00","14345","14664"
"23.04.2017 08:00 - 23.04.2017 09:00","14825","15084"
"23.04.2017 09:00 - 23.04.2017 10:00","15246","15481"
"23.04.2017 10:00 - 23.04.2017 11:00","15476","15503"
"23.04.2017 11:00 - 23.04.2017 12:00","15558","15472"
"23.04.2017 12:00 - 23.04.2017 13:00","15577","15255"
"23.04.2017 13:00 - 23.04.2017 14:00","15449","15056"
"23.04.2017 14:00 - 23.04.2017 15:00","15273","15019"
"23.04.2017 15:00 - 23.04.2017 16:00","15148","14770"
"23.04.2017 16:00 - 23.04.2017 17:00","15171","14954"
"23.04.2017 17:00 - 23.04.2017 18:00","15388","15182"
"23.04.2017 18:00 - 23.04.2017 19:00","15602","15449"
"23.04.2017 19:00 - 23.04.2017 20:00","15818","15538"
"23.04.2017 20:00 - 23.04.2017 21:00","16111","16194"
"23.04.2017 21:00 - 23.04.2017 22:00","16115","16046"
"23.04.2017 22:00 - 23.04.2017 23:00","15663","15078"
"23.04.2017 23:00 - 24.04.2017 00:00","15152","14750"
"24.04.2017 00:00 - 24.04.2017 01:00","15050","14370"
"24.04.2017 01:00 - 24.04.2017 02:00","14901","14173"
"24.04.2017 02:00 - 24.04.2017 03:00","14352","14165"
"24.04.2017 03:00 - 24.04.2017 04:00","14509","14259"
"24.04.2017 04:00 - 24.04.2017 05:00","14776","14595"
"24.04.2017 05:00 - 24.04.2017 06:00","15360","14969"
"24.04.2017 06:00 - 24.04.2017 07:00","16624","16502"
"24.04.2017 07:00 - 24.04.2017 08:00","17781","17788"
"24.04.2017 08:00 - 24.04.2017 09:00","18133","18347"
"24.04.2017 09:00 - 24.04.2017 10:00","18114","18004"
"24.04.2017 10:00 - 24.04.2017 11:00","18055","17701"
"24.04.2017 11:00 - 24.04.2017 12:00","17858","17610"
"24.04.2017 12:00 - 24.04.2017 13:00","17740","17673"
"24.04.2017 13:00 - 24.04.2017 14:00","17630","17555"
"24.04.2017 14:00 - 24.04.2017 15:00","17493","17435"
"24.04.2017 15:00 - 24.04.2017 16:00","17427","17395"
"24.04.2017 16:00 - 24.04.2017 17:00","17278","17389"
"24.04.2017 17:00 - 24.04.2017 18:00","17310","17609"
"24.04.2017 18:00 - 24.04.2017 19:00","17217","17615"
"24.04.2017 19:00 - 24.04.2017 20:00","17202","17409"
"24.04.2017 20:00 - 24.04.2017 21:00","17341","17474"
"24.04.2017 21:00 - 24.04.2017 22:00","17185","17384"
"24.04.2017 22:00 - 24.04.2017 23:00","16597","16474"
"24.04.2017 23:00 - 25.04.2017 00:00","15948","15893"
"25.04.2017 00:00 - 25.04.2017 01:00","15244","15131"
"25.04.2017 01:00 - 25.04.2017 02:00","14872","15126"
"25.04.2017 02:00 - 25.04.2017 03:00","14745","15142"
"25.04.2017 03:00 - 25.04.2017 04:00","14830","15178"
"25.04.2017 04:00 - 25.04.2017 05:00","15005","15262"
"25.04.2017 05:00 - 25.04.2017 06:00","15412","15951"
"25.04.2017 06:00 - 25.04.2017 07:00","16676","17415"
"25.04.2017 07:00 - 25.04.2017 08:00","17592","18936"
"25.04.2017 08:00 - 25.04.2017 09:00","17901","19231"
"25.04.2017 09:00 - 25.04.2017 10:00","17772","18943"
"25.04.2017 10:00 - 25.04.2017 11:00","17659","19032"
"25.04.2017 11:00 - 25.04.2017 12:00","17487","18747"
"25.04.2017 12:00 - 25.04.2017 13:00","17390","18182"
"25.04.2017 13:00 - 25.04.2017 14:00","17275","17801"
"25.04.2017 14:00 - 25.04.2017 15:00","17200","17652"
"25.04.2017 15:00 - 25.04.2017 16:00","17117","17514"
"25.04.2017 16:00 - 25.04.2017 17:00","16986","17472"
"25.04.2017 17:00 - 25.04.2017 18:00","16978","17767"
"25.04.2017 18:00 - 25.04.2017 19:00","16884","17814"
"25.04.2017 19:00 - 25.04.2017 20:00","16867","17652"
"25.04.2017 20:00 - 25.04.2017 21:00","16964","17713"
"25.04.2017 21:00 - 25.04.2017 22:00","16843","17614"
"25.04.2017 22:00 - 25.04.2017 23:00","16344","16544"
"25.04.2017 23:00 - 26.04.2017 00:00","15799","15571"
"26.04.2017 00:00 - 26.04.2017 01:00","15789","14910"
"26.04.2017 01:00 - 26.04.2017 02:00","15168","14832"
"26.04.2017 02:00 - 26.04.2017 03:00","14929","14774"
"26.04.2017 03:00 - 26.04.2017 04:00","15156","14849"
"26.04.2017 04:00 - 26.04.2017 05:00","15598","15184"
"26.04.2017 05:00 - 26.04.2017 06:00","16222","15586"
"26.04.2017 06:00 - 26.04.2017 07:00","17487","17021"
"26.04.2017 07:00 - 26.04.2017 08:00","18715","18758"
"26.04.2017 08:00 - 26.04.2017 09:00","19152","18732"
"26.04.2017 09:00 - 26.04.2017 10:00","19101","18618"
"26.04.2017 10:00 - 26.04.2017 11:00","18920","18431"
"26.04.2017 11:00 - 26.04.2017 12:00","18632","18152"
"26.04.2017 12:00 - 26.04.2017 13:00","18467","17845"
"26.04.2017 13:00 - 26.04.2017 14:00","18268","17392"
"26.04.2017 14:00 - 26.04.2017 15:00","18148","17051"
"26.04.2017 15:00 - 26.04.2017 16:00","17974","16953"
"26.04.2017 16:00 - 26.04.2017 17:00","17832","16615"
"26.04.2017 17:00 - 26.04.2017 18:00","17813","16704"
"26.04.2017 18:00 - 26.04.2017 19:00","17716","16661"
"26.04.2017 19:00 - 26.04.2017 20:00","17681","16849"
"26.04.2017 20:00 - 26.04.2017 21:00","17856","17079"
"26.04.2017 21:00 - 26.04.2017 22:00","17707","17041"
"26.04.2017 22:00 - 26.04.2017 23:00","17107","16127"
"26.04.2017 23:00 - 27.04.2017 00:00","16414","15133"
"27.04.2017 00:00 - 27.04.2017 01:00","15642","14563"
"27.04.2017 01:00 - 27.04.2017 02:00","14978","14682"
"27.04.2017 02:00 - 27.04.2017 03:00","14716","14599"
"27.04.2017 03:00 - 27.04.2017 04:00","14870","14627"
"27.04.2017 04:00 - 27.04.2017 05:00","15146","14887"
"27.04.2017 05:00 - 27.04.2017 06:00","15701","15349"
"27.04.2017 06:00 - 27.04.2017 07:00","16995","16637"
"27.04.2017 07:00 - 27.04.2017 08:00","18252","18068"
"27.04.2017 08:00 - 27.04.2017 09:00","18707","18061"
"27.04.2017 09:00 - 27.04.2017 10:00","18565","17504"
"27.04.2017 10:00 - 27.04.2017 11:00","18396","17368"
"27.04.2017 11:00 - 27.04.2017 12:00","18260","16967"
"27.04.2017 12:00 - 27.04.2017 13:00","18089","16868"
"27.04.2017 13:00 - 27.04.2017 14:00","17906","16731"
"27.04.2017 14:00 - 27.04.2017 15:00","17692","16491"
"27.04.2017 15:00 - 27.04.2017 16:00","17537","16538"
"27.04.2017 16:00 - 27.04.2017 17:00","17302","16422"
"27.04.2017 17:00 - 27.04.2017 18:00","17265","16802"
"27.04.2017 18:00 - 27.04.2017 19:00","17133","16352"
"27.04.2017 19:00 - 27.04.2017 20:00","17084","16570"
"27.04.2017 20:00 - 27.04.2017 21:00","17217","16426"
"27.04.2017 21:00 - 27.04.2017 22:00","17127","16604"
"27.04.2017 22:00 - 27.04.2017 23:00","16532","15735"
"27.04.2017 23:00 - 28.04.2017 00:00","15807","14809"
"28.04.2017 00:00 - 28.04.2017 01:00","15039","14212"
"28.04.2017 01:00 - 28.04.2017 02:00","14752","14280"
"28.04.2017 02:00 - 28.04.2017 03:00","14666","14095"
"28.04.2017 03:00 - 28.04.2017 04:00","14689","14147"
"28.04.2017 04:00 - 28.04.2017 05:00","14833","14314"
"28.04.2017 05:00 - 28.04.2017 06:00","15299","14877"
"28.04.2017 06:00 - 28.04.2017 07:00","16510","16251"
"28.04.2017 07:00 - 28.04.2017 08:00","17827","17502"
"28.04.2017 08:00 - 28.04.2017 09:00","18352","17770"
"28.04.2017 09:00 - 28.04.2017 10:00","18288","17820"
"28.04.2017 10:00 - 28.04.2017 11:00","18197","17658"
"28.04.2017 11:00 - 28.04.2017 12:00","18012","17567"
"28.04.2017 12:00 - 28.04.2017 13:00","17744","17286"
"28.04.2017 13:00 - 28.04.2017 14:00","17420","16979"
"28.04.2017 14:00 - 28.04.2017 15:00","17055","16728"
"28.04.2017 15:00 - 28.04.2017 16:00","16797","16489"
"28.04.2017 16:00 - 28.04.2017 17:00","16573","16292"
"28.04.2017 17:00 - 28.04.2017 18:00","16566","16405"
"28.04.2017 18:00 - 28.04.2017 19:00","16453","16156"
"28.04.2017 19:00 - 28.04.2017 20:00","16338","15942"
"28.04.2017 20:00 - 28.04.2017 21:00","16259","16024"
"28.04.2017 21:00 - 28.04.2017 22:00","16091","16103"
"28.04.2017 22:00 - 28.04.2017 23:00","15644","15637"
"28.04.2017 23:00 - 29.04.2017 00:00","15133","14814"
"29.04.2017 00:00 - 29.04.2017 01:00","14430","14272"
"29.04.2017 01:00 - 29.04.2017 02:00","14166","14234"
"29.04.2017 02:00 - 29.04.2017 03:00","14090","14286"
"29.04.2017 03:00 - 29.04.2017 04:00","14097","14374"
"29.04.2017 04:00 - 29.04.2017 05:00","14110","14315"
"29.04.2017 05:00 - 29.04.2017 06:00","14081","14244"
"29.04.2017 06:00 - 29.04.2017 07:00","14196","14579"
"29.04.2017 07:00 - 29.04.2017 08:00","14603","15172"
"29.04.2017 08:00 - 29.04.2017 09:00","15133","15747"
"29.04.2017 09:00 - 29.04.2017 10:00","15550","16087"
"29.04.2017 10:00 - 29.04.2017 11:00","15740","16083"
"29.04.2017 11:00 - 29.04.2017 12:00","15707","15963"
"29.04.2017 12:00 - 29.04.2017 13:00","15597","15587"
"29.04.2017 13:00 - 29.04.2017 14:00","15418","15470"
"29.04.2017 14:00 - 29.04.2017 15:00","15257","15089"
"29.04.2017 15:00 - 29.04.2017 16:00","15144","14839"
"29.04.2017 16:00 - 29.04.2017 17:00","15197","15220"
"29.04.2017 17:00 - 29.04.2017 18:00","15379","15491"
"29.04.2017 18:00 - 29.04.2017 19:00","15486","15549"
"29.04.2017 19:00 - 29.04.2017 20:00","15461","15461"
"29.04.2017 20:00 - 29.04.2017 21:00","15512","15810"
"29.04.2017 21:00 - 29.04.2017 22:00","15481","15782"
"29.04.2017 22:00 - 29.04.2017 23:00","15276","15324"
"29.04.2017 23:00 - 30.04.2017 00:00","14842","14828"
"30.04.2017 00:00 - 30.04.2017 01:00","14613","14160"
"30.04.2017 01:00 - 30.04.2017 02:00","14394","14273"
"30.04.2017 02:00 - 30.04.2017 03:00","14317","14334"
"30.04.2017 03:00 - 30.04.2017 04:00","14297","14373"
"30.04.2017 04:00 - 30.04.2017 05:00","14316","14394"
"30.04.2017 05:00 - 30.04.2017 06:00","14575","14241"
"30.04.2017 06:00 - 30.04.2017 07:00","14571","14313"
"30.04.2017 07:00 - 30.04.2017 08:00","14755","14595"
"30.04.2017 08:00 - 30.04.2017 09:00","15161","14914"
"30.04.2017 09:00 - 30.04.2017 10:00","15567","15242"
"30.04.2017 10:00 - 30.04.2017 11:00","15520","15325"
"30.04.2017 11:00 - 30.04.2017 12:00","15596","15381"
"30.04.2017 12:00 - 30.04.2017 13:00","15557","15245"
"30.04.2017 13:00 - 30.04.2017 14:00","15428","14864"
"30.04.2017 14:00 - 30.04.2017 15:00","15240","14658"
"30.04.2017 15:00 - 30.04.2017 16:00","15191","14445"
"30.04.2017 16:00 - 30.04.2017 17:00","15212","14336"
"30.04.2017 17:00 - 30.04.2017 18:00","15327","14359"
"30.04.2017 18:00 - 30.04.2017 19:00","15481","14093"
"30.04.2017 19:00 - 30.04.2017 20:00","15621","13937"
"30.04.2017 20:00 - 30.04.2017 21:00","15745","14121"
"30.04.2017 21:00 - 30.04.2017 22:00","15809","14617"
"30.04.2017 22:00 - 30.04.2017 23:00","15471","14454"
"30.04.2017 23:00 - 01.05.2017 00:00","14921","14060"
"01.05.2017 00:00 - 01.05.2017 01:00","14516","13555"
"01.05.2017 01:00 - 01.05.2017 02:00","14171","13331"
"01.05.2017 02:00 - 01.05.2017 03:00","14021","13239"
"01.05.2017 03:00 - 01.05.2017 04:00","13955","13350"
"01.05.2017 04:00 - 01.05.2017 05:00","13993","13558"
"01.05.2017 05:00 - 01.05.2017 06:00","13968","13603"
"01.05.2017 06:00 - 01.05.2017 07:00","13983","13732"
"01.05.2017 07:00 - 01.05.2017 08:00","14094","13870"
"01.05.2017 08:00 - 01.05.2017 09:00","14341","13854"
"01.05.2017 09:00 - 01.05.2017 10:00","14689","13963"
"01.05.2017 10:00 - 01.05.2017 11:00","14864","14229"
"01.05.2017 11:00 - 01.05.2017 12:00","14909","14130"
"01.05.2017 12:00 - 01.05.2017 13:00","14827","13893"
"01.05.2017 13:00 - 01.05.2017 14:00","14642","13980"
"01.05.2017 14:00 - 01.05.2017 15:00","14454","13742"
"01.05.2017 15:00 - 01.05.2017 16:00","14321","13666"
"01.05.2017 16:00 - 01.05.2017 17:00","14297","13666"
"01.05.2017 17:00 - 01.05.2017 18:00","14425","13943"
"01.05.2017 18:00 - 01.05.2017 19:00","14522","13987"
"01.05.2017 19:00 - 01.05.2017 20:00","14642","13760"
"01.05.2017 20:00 - 01.05.2017 21:00","14848","14150"
"01.05.2017 21:00 - 01.05.2017 22:00","15068","14286"
"01.05.2017 22:00 - 01.05.2017 23:00","14908","13869"
"01.05.2017 23:00 - 02.05.2017 00:00","14507","13368"
"02.05.2017 00:00 - 02.05.2017 01:00","14313","12857"
"02.05.2017 01:00 - 02.05.2017 02:00","14102","12764"
"02.05.2017 02:00 - 02.05.2017 03:00","14088","12893"
"02.05.2017 03:00 - 02.05.2017 04:00","14161","13061"
"02.05.2017 04:00 - 02.05.2017 05:00","14297","13342"
"02.05.2017 05:00 - 02.05.2017 06:00","14662","13736"
"02.05.2017 06:00 - 02.05.2017 07:00","15584","15382"
"02.05.2017 07:00 - 02.05.2017 08:00","16563","16758"
"02.05.2017 08:00 - 02.05.2017 09:00","16939","16804"
"02.05.2017 09:00 - 02.05.2017 10:00","16809","16392"
"02.05.2017 10:00 - 02.05.2017 11:00","16678","16081"
"02.05.2017 11:00 - 02.05.2017 12:00","16551","15941"
"02.05.2017 12:00 - 02.05.2017 13:00","16404","15803"
"02.05.2017 13:00 - 02.05.2017 14:00","16232","15529"
"02.05.2017 14:00 - 02.05.2017 15:00","16080","15383"
"02.05.2017 15:00 - 02.05.2017 16:00","15963","14971"
"02.05.2017 16:00 - 02.05.2017 17:00","15815","14840"
"02.05.2017 17:00 - 02.05.2017 18:00","15841","14832"
"02.05.2017 18:00 - 02.05.2017 19:00","15825","14633"
"02.05.2017 19:00 - 02.05.2017 20:00","15841","14926"
"02.05.2017 20:00 - 02.05.2017 21:00","15941","14947"
"02.05.2017 21:00 - 02.05.2017 22:00","15875","15023"
"02.05.2017 22:00 - 02.05.2017 23:00","15387","14202"
"02.05.2017 23:00 - 03.05.2017 00:00","14676","13552"
"03.05.2017 00:00 - 03.05.2017 01:00","13787","13015"
"03.05.2017 01:00 - 03.05.2017 02:00","13579","12954"
"03.05.2017 02:00 - 03.05.2017 03:00","13521","12816"
"03.05.2017 03:00 - 03.05.2017 04:00","13543","13071"
"03.05.2017 04:00 - 03.05.2017 05:00","13596","12954"
"03.05.2017 05:00 - 03.05.2017 06:00","13845","13335"
"03.05.2017 06:00 - 03.05.2017 07:00","14544","14861"
"03.05.2017 07:00 - 03.05.2017 08:00","15322","16315"
"03.05.2017 08:00 - 03.05.2017 09:00","15664","16633"
"03.05.2017 09:00 - 03.05.2017 10:00","15611","16000"
"03.05.2017 10:00 - 03.05.2017 11:00","15552","16263"
"03.05.2017 11:00 - 03.05.2017 12:00","15459","15928"
"03.05.2017 12:00 - 03.05.2017 13:00","15366","15685"
"03.05.2017 13:00 - 03.05.2017 14:00","15275","15547"
"03.05.2017 14:00 - 03.05.2017 15:00","15188","15437"
"03.05.2017 15:00 - 03.05.2017 16:00","15114","15292"
"03.05.2017 16:00 - 03.05.2017 17:00","15015","14983"
"03.05.2017 17:00 - 03.05.2017 18:00","15008","15247"
"03.05.2017 18:00 - 03.05.2017 19:00","14985","14993"
"03.05.2017 19:00 - 03.05.2017 20:00","14970","14993"
"03.05.2017 20:00 - 03.05.2017 21:00","15022","15050"
"03.05.2017 21:00 - 03.05.2017 22:00","14959","14935"
"03.05.2017 22:00 - 03.05.2017 23:00","14646","14426"
"03.05.2017 23:00 - 04.05.2017 00:00","14173","13614"
"04.05.2017 00:00 - 04.05.2017 01:00","13080","13001"
"04.05.2017 01:00 - 04.05.2017 02:00","12759","12862"
"04.05.2017 02:00 - 04.05.2017 03:00","12663","12958"
"04.05.2017 03:00 - 04.05.2017 04:00","12697","12933"
"04.05.2017 04:00 - 04.05.2017 05:00","12774","13070"
"04.05.2017 05:00 - 04.05.2017 06:00","13160","13300"
"04.05.2017 06:00 - 04.05.2017 07:00","14433","14773"
"04.05.2017 07:00 - 04.05.2017 08:00","15938","16608"
"04.05.2017 08:00 - 04.05.2017 09:00","16548","16527"
"04.05.2017 09:00 - 04.05.2017 10:00","16335","16125"
"04.05.2017 10:00 - 04.05.2017 11:00","16090","16161"
"04.05.2017 11:00 - 04.05.2017 12:00","16015","15583"
"04.05.2017 12:00 - 04.05.2017 13:00","15928","15272"
"04.05.2017 13:00 - 04.05.2017 14:00","15787","15152"
"04.05.2017 14:00 - 04.05.2017 15:00","15672","14909"
"04.05.2017 15:00 - 04.05.2017 16:00","15588","15064"
"04.05.2017 16:00 - 04.05.2017 17:00","15449","14819"
"04.05.2017 17:00 - 04.05.2017 18:00","15484","14827"
"04.05.2017 18:00 - 04.05.2017 19:00","15441","14624"
"04.05.2017 19:00 - 04.05.2017 20:00","15401","14610"
"04.05.2017 20:00 - 04.05.2017 21:00","15464","14697"
"04.05.2017 21:00 - 04.05.2017 22:00","15384","14725"
"04.05.2017 22:00 - 04.05.2017 23:00","14895","14112"
"04.05.2017 23:00 - 05.05.2017 00:00","14137","13380"
"05.05.2017 00:00 - 05.05.2017 01:00","13521","12980"
"05.05.2017 01:00 - 05.05.2017 02:00","13228","12702"
"05.05.2017 02:00 - 05.05.2017 03:00","13152","12627"
"05.05.2017 03:00 - 05.05.2017 04:00","13181","12898"
"05.05.2017 04:00 - 05.05.2017 05:00","13271","13026"
"05.05.2017 05:00 - 05.05.2017 06:00","13620","13438"
"05.05.2017 06:00 - 05.05.2017 07:00","14821","14794"
"05.05.2017 07:00 - 05.05.2017 08:00","16144","16405"
"05.05.2017 08:00 - 05.05.2017 09:00","16563","16571"
"05.05.2017 09:00 - 05.05.2017 10:00","16304","16338"
"05.05.2017 10:00 - 05.05.2017 11:00","16275","16102"
"05.05.2017 11:00 - 05.05.2017 12:00","16125","15912"
"05.05.2017 12:00 - 05.05.2017 13:00","15863","15644"
"05.05.2017 13:00 - 05.05.2017 14:00","15511","15204"
"05.05.2017 14:00 - 05.05.2017 15:00","15104","14736"
"05.05.2017 15:00 - 05.05.2017 16:00","14808","14555"
"05.05.2017 16:00 - 05.05.2017 17:00","14568","14444"
"05.05.2017 17:00 - 05.05.2017 18:00","14507","14498"
"05.05.2017 18:00 - 05.05.2017 19:00","14418","14201"
"05.05.2017 19:00 - 05.05.2017 20:00","14320","14216"
"05.05.2017 20:00 - 05.05.2017 21:00","14228","13781"
"05.05.2017 21:00 - 05.05.2017 22:00","14176","13755"
"05.05.2017 22:00 - 05.05.2017 23:00","13858","13259"
"05.05.2017 23:00 - 06.05.2017 00:00","13338","12604"
"06.05.2017 00:00 - 06.05.2017 01:00","12821","12293"
"06.05.2017 01:00 - 06.05.2017 02:00","12478","11936"
"06.05.2017 02:00 - 06.05.2017 03:00","12337","11678"
"06.05.2017 03:00 - 06.05.2017 04:00","12307","11720"
"06.05.2017 04:00 - 06.05.2017 05:00","12263","11734"
"06.05.2017 05:00 - 06.05.2017 06:00","12192","11544"
"06.05.2017 06:00 - 06.05.2017 07:00","12164","11704"
"06.05.2017 07:00 - 06.05.2017 08:00","12462","12212"
"06.05.2017 08:00 - 06.05.2017 09:00","13175","12855"
"06.05.2017 09:00 - 06.05.2017 10:00","13612","13354"
"06.05.2017 10:00 - 06.05.2017 11:00","13888","13505"
"06.05.2017 11:00 - 06.05.2017 12:00","13740","13432"
"06.05.2017 12:00 - 06.05.2017 13:00","13641","13227"
"06.05.2017 13:00 - 06.05.2017 14:00","13462","13044"
"06.05.2017 14:00 - 06.05.2017 15:00","13383","13021"
"06.05.2017 15:00 - 06.05.2017 16:00","13314","12882"
"06.05.2017 16:00 - 06.05.2017 17:00","13264","13019"
"06.05.2017 17:00 - 06.05.2017 18:00","13468","13205"
"06.05.2017 18:00 - 06.05.2017 19:00","13545","13148"
"06.05.2017 19:00 - 06.05.2017 20:00","13498","12969"
"06.05.2017 20:00 - 06.05.2017 21:00","13447","12974"
"06.05.2017 21:00 - 06.05.2017 22:00","13467","13027"
"06.05.2017 22:00 - 06.05.2017 23:00","13345","12876"
"06.05.2017 23:00 - 07.05.2017 00:00","12934","12321"
"07.05.2017 00:00 - 07.05.2017 01:00","12155","11943"
"07.05.2017 01:00 - 07.05.2017 02:00","11830","11865"
"07.05.2017 02:00 - 07.05.2017 03:00","11699","11679"
"07.05.2017 03:00 - 07.05.2017 04:00","11652","11677"
"07.05.2017 04:00 - 07.05.2017 05:00","11634","11654"
"07.05.2017 05:00 - 07.05.2017 06:00","11567","11669"
"07.05.2017 06:00 - 07.05.2017 07:00","11659","11927"
"07.05.2017 07:00 - 07.05.2017 08:00","11965","12318"
"07.05.2017 08:00 - 07.05.2017 09:00","12473","12775"
"07.05.2017 09:00 - 07.05.2017 10:00","12947","13240"
"07.05.2017 10:00 - 07.05.2017 11:00","13320","13836"
"07.05.2017 11:00 - 07.05.2017 12:00","13513","14117"
"07.05.2017 12:00 - 07.05.2017 13:00","13545","14054"
"07.05.2017 13:00 - 07.05.2017 14:00","13453","13821"
"07.05.2017 14:00 - 07.05.2017 15:00","13320","13438"
"07.05.2017 15:00 - 07.05.2017 16:00","13276","13343"
"07.05.2017 16:00 - 07.05.2017 17:00","13333","13685"
"07.05.2017 17:00 - 07.05.2017 18:00","13511","14124"
"07.05.2017 18:00 - 07.05.2017 19:00","13720","14219"
"07.05.2017 19:00 - 07.05.2017 20:00","13838","14258"
"07.05.2017 20:00 - 07.05.2017 21:00","13901","14366"
"07.05.2017 21:00 - 07.05.2017 22:00","13986","14210"
"07.05.2017 22:00 - 07.05.2017 23:00","13768","13531"
"07.05.2017 23:00 - 08.05.2017 00:00","13259","12907"
"08.05.2017 00:00 - 08.05.2017 01:00","12490","13030"
"08.05.2017 01:00 - 08.05.2017 02:00","12305","12836"
"08.05.2017 02:00 - 08.05.2017 03:00","12270","13183"
"08.05.2017 03:00 - 08.05.2017 04:00","12376","13202"
"08.05.2017 04:00 - 08.05.2017 05:00","12523","13257"
"08.05.2017 05:00 - 08.05.2017 06:00","13036","13913"
"08.05.2017 06:00 - 08.05.2017 07:00","14395","15368"
"08.05.2017 07:00 - 08.05.2017 08:00","15963","16729"
"08.05.2017 08:00 - 08.05.2017 09:00","16751","17254"
"08.05.2017 09:00 - 08.05.2017 10:00","16990","17455"
"08.05.2017 10:00 - 08.05.2017 11:00","16998","17560"
"08.05.2017 11:00 - 08.05.2017 12:00","16875","17724"
"08.05.2017 12:00 - 08.05.2017 13:00","16737","17613"
"08.05.2017 13:00 - 08.05.2017 14:00","16658","17535"
"08.05.2017 14:00 - 08.05.2017 15:00","16602","17398"
"08.05.2017 15:00 - 08.05.2017 16:00","16546","17276"
"08.05.2017 16:00 - 08.05.2017 17:00","16425","17032"
"08.05.2017 17:00 - 08.05.2017 18:00","16438","17097"
"08.05.2017 18:00 - 08.05.2017 19:00","16363","16949"
"08.05.2017 19:00 - 08.05.2017 20:00","16295","16681"
"08.05.2017 20:00 - 08.05.2017 21:00","16323","16733"
"08.05.2017 21:00 - 08.05.2017 22:00","16252","16889"
"08.05.2017 22:00 - 08.05.2017 23:00","15843","16307"
"08.05.2017 23:00 - 09.05.2017 00:00","15109","15336"
"09.05.2017 00:00 - 09.05.2017 01:00","14584","14754"
"09.05.2017 01:00 - 09.05.2017 02:00","14280","14725"
"09.05.2017 02:00 - 09.05.2017 03:00","14213","14641"
"09.05.2017 03:00 - 09.05.2017 04:00","14259","14647"
"09.05.2017 04:00 - 09.05.2017 05:00","14355","14568"
"09.05.2017 05:00 - 09.05.2017 06:00","14666","15158"
"09.05.2017 06:00 - 09.05.2017 07:00","15689","16646"
"09.05.2017 07:00 - 09.05.2017 08:00","17087","18004"
"09.05.2017 08:00 - 09.05.2017 09:00","17857","17974"
"09.05.2017 09:00 - 09.05.2017 10:00","17960","17528"
"09.05.2017 10:00 - 09.05.2017 11:00","17935","17692"
"09.05.2017 11:00 - 09.05.2017 12:00","17925","17805"
"09.05.2017 12:00 - 09.05.2017 13:00","17858","17568"
"09.05.2017 13:00 - 09.05.2017 14:00","17716","17292"
"09.05.2017 14:00 - 09.05.2017 15:00","17618","17152"
"09.05.2017 15:00 - 09.05.2017 16:00","17488","16974"
"09.05.2017 16:00 - 09.05.2017 17:00","17286","16827"
"09.05.2017 17:00 - 09.05.2017 18:00","17274","16944"
"09.05.2017 18:00 - 09.05.2017 19:00","17182","16546"
"09.05.2017 19:00 - 09.05.2017 20:00","17067","16726"
"09.05.2017 20:00 - 09.05.2017 21:00","17076","16570"
"09.05.2017 21:00 - 09.05.2017 22:00","17037","16523"
"09.05.2017 22:00 - 09.05.2017 23:00","16623","15904"
"09.05.2017 23:00 - 10.05.2017 00:00","15860","15072"
"10.05.2017 00:00 - 10.05.2017 01:00","15323","14286"
"10.05.2017 01:00 - 10.05.2017 02:00","14988","14259"
"10.05.2017 02:00 - 10.05.2017 03:00","14914","14303"
"10.05.2017 03:00 - 10.05.2017 04:00","14933","14537"
"10.05.2017 04:00 - 10.05.2017 05:00","15000","14650"
"10.05.2017 05:00 - 10.05.2017 06:00","15315","15094"
"10.05.2017 06:00 - 10.05.2017 07:00","16604","16831"
"10.05.2017 07:00 - 10.05.2017 08:00","18127","18227"
"10.05.2017 08:00 - 10.05.2017 09:00","18780","18276"
"10.05.2017 09:00 - 10.05.2017 10:00","18577","18022"
"10.05.2017 10:00 - 10.05.2017 11:00","18503","17875"
"10.05.2017 11:00 - 10.05.2017 12:00","18441","17740"
"10.05.2017 12:00 - 10.05.2017 13:00","18303","17537"
"10.05.2017 13:00 - 10.05.2017 14:00","18173","17258"
"10.05.2017 14:00 - 10.05.2017 15:00","17987","17134"
"10.05.2017 15:00 - 10.05.2017 16:00","17846","17101"
"10.05.2017 16:00 - 10.05.2017 17:00","17634","16868"
"10.05.2017 17:00 - 10.05.2017 18:00","17602","17131"
"10.05.2017 18:00 - 10.05.2017 19:00","17455","16789"
"10.05.2017 19:00 - 10.05.2017 20:00","17295","16716"
"10.05.2017 20:00 - 10.05.2017 21:00","17247","16722"
"10.05.2017 21:00 - 10.05.2017 22:00","17169","16635"
"10.05.2017 22:00 - 10.05.2017 23:00","16760","16224"
"10.05.2017 23:00 - 11.05.2017 00:00","15964","15060"
"11.05.2017 00:00 - 11.05.2017 01:00","15135","14620"
"11.05.2017 01:00 - 11.05.2017 02:00","14813","14360"
"11.05.2017 02:00 - 11.05.2017 03:00","14710","14260"
"11.05.2017 03:00 - 11.05.2017 04:00","14733","14251"
"11.05.2017 04:00 - 11.05.2017 05:00","14759","14469"
"11.05.2017 05:00 - 11.05.2017 06:00","15024","14765"
"11.05.2017 06:00 - 11.05.2017 07:00","15975","16391"
"11.05.2017 07:00 - 11.05.2017 08:00","17289","17805"
"11.05.2017 08:00 - 11.05.2017 09:00","18025","18073"
"11.05.2017 09:00 - 11.05.2017 10:00","18043","17963"
"11.05.2017 10:00 - 11.05.2017 11:00","17970","17972"
"11.05.2017 11:00 - 11.05.2017 12:00","17901","17654"
"11.05.2017 12:00 - 11.05.2017 13:00","17785","17627"
"11.05.2017 13:00 - 11.05.2017 14:00","17603","17455"
"11.05.2017 14:00 - 11.05.2017 15:00","17438","17376"
"11.05.2017 15:00 - 11.05.2017 16:00","17310","17234"
"11.05.2017 16:00 - 11.05.2017 17:00","17082","17061"
"11.05.2017 17:00 - 11.05.2017 18:00","17025","17174"
"11.05.2017 18:00 - 11.05.2017 19:00","16924","16852"
"11.05.2017 19:00 - 11.05.2017 20:00","16816","16737"
"11.05.2017 20:00 - 11.05.2017 21:00","16771","16671"
"11.05.2017 21:00 - 11.05.2017 22:00","16686","16652"
"11.05.2017 22:00 - 11.05.2017 23:00","16305","16037"
"11.05.2017 23:00 - 12.05.2017 00:00","15595","15109"
"12.05.2017 00:00 - 12.05.2017 01:00","14893","14394"
"12.05.2017 01:00 - 12.05.2017 02:00","14534","14131"
"12.05.2017 02:00 - 12.05.2017 03:00","14418","14145"
"12.05.2017 03:00 - 12.05.2017 04:00","14397","14199"
"12.05.2017 04:00 - 12.05.2017 05:00","14460","14183"
"12.05.2017 05:00 - 12.05.2017 06:00","14704","14461"
"12.05.2017 06:00 - 12.05.2017 07:00","15640","16007"
"12.05.2017 07:00 - 12.05.2017 08:00","16897","17519"
"12.05.2017 08:00 - 12.05.2017 09:00","17605","17395"
"12.05.2017 09:00 - 12.05.2017 10:00","17670","17070"
"12.05.2017 10:00 - 12.05.2017 11:00","17631","16915"
"12.05.2017 11:00 - 12.05.2017 12:00","17493","16601"
"12.05.2017 12:00 - 12.05.2017 13:00","17300","16506"
"12.05.2017 13:00 - 12.05.2017 14:00","17020","16072"
"12.05.2017 14:00 - 12.05.2017 15:00","16696","15560"
"12.05.2017 15:00 - 12.05.2017 16:00","16419","15457"
"12.05.2017 16:00 - 12.05.2017 17:00","16193","15282"
"12.05.2017 17:00 - 12.05.2017 18:00","16106","15200"
"12.05.2017 18:00 - 12.05.2017 19:00","15993","14970"
"12.05.2017 19:00 - 12.05.2017 20:00","15851","14709"
"12.05.2017 20:00 - 12.05.2017 21:00","15686","14548"
"12.05.2017 21:00 - 12.05.2017 22:00","15576","14401"
"12.05.2017 22:00 - 12.05.2017 23:00","15397","14138"
"12.05.2017 23:00 - 13.05.2017 00:00","14967","13698"
"13.05.2017 00:00 - 13.05.2017 01:00","14317","13132"
"13.05.2017 01:00 - 13.05.2017 02:00","13991","13017"
"13.05.2017 02:00 - 13.05.2017 03:00","13878","13031"
"13.05.2017 03:00 - 13.05.2017 04:00","13843","13175"
"13.05.2017 04:00 - 13.05.2017 05:00","13784","13002"
"13.05.2017 05:00 - 13.05.2017 06:00","13716","12764"
"13.05.2017 06:00 - 13.05.2017 07:00","13737","12895"
"13.05.2017 07:00 - 13.05.2017 08:00","14063","13297"
"13.05.2017 08:00 - 13.05.2017 09:00","14550","13763"
"13.05.2017 09:00 - 13.05.2017 10:00","14969","14218"
"13.05.2017 10:00 - 13.05.2017 11:00","15211","14152"
"13.05.2017 11:00 - 13.05.2017 12:00","15176","14055"
"13.05.2017 12:00 - 13.05.2017 13:00","15035","13894"
"13.05.2017 13:00 - 13.05.2017 14:00","14800","13623"
"13.05.2017 14:00 - 13.05.2017 15:00","14631","13442"
"13.05.2017 15:00 - 13.05.2017 16:00","14479","13437"
"13.05.2017 16:00 - 13.05.2017 17:00","14349","13453"
"13.05.2017 17:00 - 13.05.2017 18:00","14490","13657"
"13.05.2017 18:00 - 13.05.2017 19:00","14522","13916"
"13.05.2017 19:00 - 13.05.2017 20:00","14504","13737"
"13.05.2017 20:00 - 13.05.2017 21:00","14409","13600"
"13.05.2017 21:00 - 13.05.2017 22:00","14422","13471"
"13.05.2017 22:00 - 13.05.2017 23:00","14314","13287"
"13.05.2017 23:00 - 14.05.2017 00:00","13948","13074"
"14.05.2017 00:00 - 14.05.2017 01:00","13347","12492"
"14.05.2017 01:00 - 14.05.2017 02:00","13008","12125"
"14.05.2017 02:00 - 14.05.2017 03:00","12861","12008"
"14.05.2017 03:00 - 14.05.2017 04:00","12775","12108"
"14.05.2017 04:00 - 14.05.2017 05:00","12675","11899"
"14.05.2017 05:00 - 14.05.2017 06:00","12566","11659"
"14.05.2017 06:00 - 14.05.2017 07:00","12558","11874"
"14.05.2017 07:00 - 14.05.2017 08:00","12791","12246"
"14.05.2017 08:00 - 14.05.2017 09:00","13202","12953"
"14.05.2017 09:00 - 14.05.2017 10:00","13597","13555"
"14.05.2017 10:00 - 14.05.2017 11:00","13908","13835"
"14.05.2017 11:00 - 14.05.2017 12:00","14016","13982"
"14.05.2017 12:00 - 14.05.2017 13:00","13990","14054"
"14.05.2017 13:00 - 14.05.2017 14:00","13851","13965"
"14.05.2017 14:00 - 14.05.2017 15:00","13679","13914"
"14.05.2017 15:00 - 14.05.2017 16:00","13544","13747"
"14.05.2017 16:00 - 14.05.2017 17:00","13595","13718"
"14.05.2017 17:00 - 14.05.2017 18:00","13720","13959"
"14.05.2017 18:00 - 14.05.2017 19:00","13883","14094"
"14.05.2017 19:00 - 14.05.2017 20:00","13954","14222"
"14.05.2017 20:00 - 14.05.2017 21:00","13960","14146"
"14.05.2017 21:00 - 14.05.2017 22:00","14006","13852"
"14.05.2017 22:00 - 14.05.2017 23:00","13798","13472"
"14.05.2017 23:00 - 15.05.2017 00:00","13213","12902"
"15.05.2017 00:00 - 15.05.2017 01:00","12376","12112"
"15.05.2017 01:00 - 15.05.2017 02:00","12135","12098"
"15.05.2017 02:00 - 15.05.2017 03:00","12015","12152"
"15.05.2017 03:00 - 15.05.2017 04:00","12040","12220"
"15.05.2017 04:00 - 15.05.2017 05:00","12080","12119"
"15.05.2017 05:00 - 15.05.2017 06:00","12422","12800"
"15.05.2017 06:00 - 15.05.2017 07:00","13547","14614"
"15.05.2017 07:00 - 15.05.2017 08:00","14953","16156"
"15.05.2017 08:00 - 15.05.2017 09:00","15722","16675"
"15.05.2017 09:00 - 15.05.2017 10:00","15918","16998"
"15.05.2017 10:00 - 15.05.2017 11:00","15926","17161"
"15.05.2017 11:00 - 15.05.2017 12:00","15867","17114"
"15.05.2017 12:00 - 15.05.2017 13:00","15701","16842"
"15.05.2017 13:00 - 15.05.2017 14:00","15570","16658"
"15.05.2017 14:00 - 15.05.2017 15:00","15419","16481"
"15.05.2017 15:00 - 15.05.2017 16:00","15323","16507"
"15.05.2017 16:00 - 15.05.2017 17:00","15170","16319"
"15.05.2017 17:00 - 15.05.2017 18:00","15125","16364"
"15.05.2017 18:00 - 15.05.2017 19:00","15051","16007"
"15.05.2017 19:00 - 15.05.2017 20:00","14876","15589"
"15.05.2017 20:00 - 15.05.2017 21:00","14808","15499"
"15.05.2017 21:00 - 15.05.2017 22:00","14737","15279"
"15.05.2017 22:00 - 15.05.2017 23:00","14403","14729"
"15.05.2017 23:00 - 16.05.2017 00:00","13696","13986"
"16.05.2017 00:00 - 16.05.2017 01:00","13209","13138"
"16.05.2017 01:00 - 16.05.2017 02:00","12874","12928"
"16.05.2017 02:00 - 16.05.2017 03:00","12777","12896"
"16.05.2017 03:00 - 16.05.2017 04:00","12779","13053"
"16.05.2017 04:00 - 16.05.2017 05:00","12824","12948"
"16.05.2017 05:00 - 16.05.2017 06:00","13075","13102"
"16.05.2017 06:00 - 16.05.2017 07:00","14320","14719"
"16.05.2017 07:00 - 16.05.2017 08:00","15808","16159"
"16.05.2017 08:00 - 16.05.2017 09:00","16346","16485"
"16.05.2017 09:00 - 16.05.2017 10:00","16315","16359"
"16.05.2017 10:00 - 16.05.2017 11:00","16115","16108"
"16.05.2017 11:00 - 16.05.2017 12:00","15935","16030"
"16.05.2017 12:00 - 16.05.2017 13:00","15788","15763"
"16.05.2017 13:00 - 16.05.2017 14:00","15662","15616"
"16.05.2017 14:00 - 16.05.2017 15:00","15526","15632"
"16.05.2017 15:00 - 16.05.2017 16:00","15433","15551"
"16.05.2017 16:00 - 16.05.2017 17:00","15288","15351"
"16.05.2017 17:00 - 16.05.2017 18:00","15214","15544"
"16.05.2017 18:00 - 16.05.2017 19:00","15111","15382"
"16.05.2017 19:00 - 16.05.2017 20:00","14973","15207"
"16.05.2017 20:00 - 16.05.2017 21:00","14879","14966"
"16.05.2017 21:00 - 16.05.2017 22:00","14762","14733"
"16.05.2017 22:00 - 16.05.2017 23:00","14441","14248"
"16.05.2017 23:00 - 17.05.2017 00:00","13787","13513"
"17.05.2017 00:00 - 17.05.2017 01:00","13392","12482"
"17.05.2017 01:00 - 17.05.2017 02:00","12930","12055"
"17.05.2017 02:00 - 17.05.2017 03:00","12770","12106"
"17.05.2017 03:00 - 17.05.2017 04:00","12725","12179"
"17.05.2017 04:00 - 17.05.2017 05:00","12729","12238"
"17.05.2017 05:00 - 17.05.2017 06:00","13053","12701"
"17.05.2017 06:00 - 17.05.2017 07:00","14271","14205"
"17.05.2017 07:00 - 17.05.2017 08:00","15979","15980"
"17.05.2017 08:00 - 17.05.2017 09:00","16973","16556"
"17.05.2017 09:00 - 17.05.2017 10:00","17053","16488"
"17.05.2017 10:00 - 17.05.2017 11:00","16854","16394"
"17.05.2017 11:00 - 17.05.2017 12:00","16787","16267"
"17.05.2017 12:00 - 17.05.2017 13:00","16611","16135"
"17.05.2017 13:00 - 17.05.2017 14:00","16355","15911"
"17.05.2017 14:00 - 17.05.2017 15:00","16117","15611"
"17.05.2017 15:00 - 17.05.2017 16:00","15949","15675"
"17.05.2017 16:00 - 17.05.2017 17:00","15708","15663"
"17.05.2017 17:00 - 17.05.2017 18:00","15572","15837"
"17.05.2017 18:00 - 17.05.2017 19:00","15423","15331"
"17.05.2017 19:00 - 17.05.2017 20:00","15195","15077"
"17.05.2017 20:00 - 17.05.2017 21:00","15053","14677"
"17.05.2017 21:00 - 17.05.2017 22:00","14891","14370"
"17.05.2017 22:00 - 17.05.2017 23:00","14465","13829"
"17.05.2017 23:00 - 18.05.2017 00:00","13587","12784"
"18.05.2017 00:00 - 18.05.2017 01:00","12793","11915"
"18.05.2017 01:00 - 18.05.2017 02:00","12401","11714"
"18.05.2017 02:00 - 18.05.2017 03:00","12246","11472"
"18.05.2017 03:00 - 18.05.2017 04:00","12197","11416"
"18.05.2017 04:00 - 18.05.2017 05:00","12209","11226"
"18.05.2017 05:00 - 18.05.2017 06:00","12457","11651"
"18.05.2017 06:00 - 18.05.2017 07:00","13523","13154"
"18.05.2017 07:00 - 18.05.2017 08:00","14942","14694"
"18.05.2017 08:00 - 18.05.2017 09:00","15643","15356"
"18.05.2017 09:00 - 18.05.2017 10:00","15665","15367"
"18.05.2017 10:00 - 18.05.2017 11:00","15627","15228"
"18.05.2017 11:00 - 18.05.2017 12:00","15480","15206"
"18.05.2017 12:00 - 18.05.2017 13:00","15301","14799"
"18.05.2017 13:00 - 18.05.2017 14:00","15287","14786"
"18.05.2017 14:00 - 18.05.2017 15:00","15147","14732"
"18.05.2017 15:00 - 18.05.2017 16:00","15033","14797"
"18.05.2017 16:00 - 18.05.2017 17:00","14820","14520"
"18.05.2017 17:00 - 18.05.2017 18:00","14751","14405"
"18.05.2017 18:00 - 18.05.2017 19:00","14609","14191"
"18.05.2017 19:00 - 18.05.2017 20:00","14401","14188"
"18.05.2017 20:00 - 18.05.2017 21:00","14292","14007"
"18.05.2017 21:00 - 18.05.2017 22:00","14163","13522"
"18.05.2017 22:00 - 18.05.2017 23:00","13773","13107"
"18.05.2017 23:00 - 19.05.2017 00:00","13040","12514"
"19.05.2017 00:00 - 19.05.2017 01:00","12329","11594"
"19.05.2017 01:00 - 19.05.2017 02:00","12007","11219"
"19.05.2017 02:00 - 19.05.2017 03:00","11906","11047"
"19.05.2017 03:00 - 19.05.2017 04:00","11918","10884"
"19.05.2017 04:00 - 19.05.2017 05:00","11960","10871"
"19.05.2017 05:00 - 19.05.2017 06:00","12195","11314"
"19.05.2017 06:00 - 19.05.2017 07:00","13122","12850"
"19.05.2017 07:00 - 19.05.2017 08:00","14404","14876"
"19.05.2017 08:00 - 19.05.2017 09:00","15095","15416"
"19.05.2017 09:00 - 19.05.2017 10:00","15178","15521"
"19.05.2017 10:00 - 19.05.2017 11:00","15100","15403"
"19.05.2017 11:00 - 19.05.2017 12:00","15006","15291"
"19.05.2017 12:00 - 19.05.2017 13:00","14828","15219"
"19.05.2017 13:00 - 19.05.2017 14:00","14525","14890"
"19.05.2017 14:00 - 19.05.2017 15:00","14192","14407"
"19.05.2017 15:00 - 19.05.2017 16:00","13841","14187"
"19.05.2017 16:00 - 19.05.2017 17:00","13611","13910"
"19.05.2017 17:00 - 19.05.2017 18:00","13532","13841"
"19.05.2017 18:00 - 19.05.2017 19:00","13390","13399"
"19.05.2017 19:00 - 19.05.2017 20:00","13093","13383"
"19.05.2017 20:00 - 19.05.2017 21:00","12905","12636"
"19.05.2017 21:00 - 19.05.2017 22:00","12750","12144"
"19.05.2017 22:00 - 19.05.2017 23:00","12574","11948"
"19.05.2017 23:00 - 20.05.2017 00:00","12185","11342"
"20.05.2017 00:00 - 20.05.2017 01:00","11325","10823"
"20.05.2017 01:00 - 20.05.2017 02:00","11036","10595"
"20.05.2017 02:00 - 20.05.2017 03:00","10920","10344"
"20.05.2017 03:00 - 20.05.2017 04:00","10888","10250"
"20.05.2017 04:00 - 20.05.2017 05:00","10842","10011"
"20.05.2017 05:00 - 20.05.2017 06:00","10796","10052"
"20.05.2017 06:00 - 20.05.2017 07:00","10915","10496"
"20.05.2017 07:00 - 20.05.2017 08:00","11372","11427"
"20.05.2017 08:00 - 20.05.2017 09:00","12016","12165"
"20.05.2017 09:00 - 20.05.2017 10:00","12591","12616"
"20.05.2017 10:00 - 20.05.2017 11:00","12945","12697"
"20.05.2017 11:00 - 20.05.2017 12:00","12878","12822"
"20.05.2017 12:00 - 20.05.2017 13:00","12797","12800"
"20.05.2017 13:00 - 20.05.2017 14:00","12623","12686"
"20.05.2017 14:00 - 20.05.2017 15:00","12499","12567"
"20.05.2017 15:00 - 20.05.2017 16:00","12497","12380"
"20.05.2017 16:00 - 20.05.2017 17:00","12636","12474"
"20.05.2017 17:00 - 20.05.2017 18:00","12790","12449"
"20.05.2017 18:00 - 20.05.2017 19:00","12836","12634"
"20.05.2017 19:00 - 20.05.2017 20:00","12722","12719"
"20.05.2017 20:00 - 20.05.2017 21:00","12573","12594"
"20.05.2017 21:00 - 20.05.2017 22:00","12515","12485"
"20.05.2017 22:00 - 20.05.2017 23:00","12408","12384"
"20.05.2017 23:00 - 21.05.2017 00:00","12071","11766"
"21.05.2017 00:00 - 21.05.2017 01:00","11679","11288"
"21.05.2017 01:00 - 21.05.2017 02:00","11363","11007"
"21.05.2017 02:00 - 21.05.2017 03:00","11189","10747"
"21.05.2017 03:00 - 21.05.2017 04:00","11103","10778"
"21.05.2017 04:00 - 21.05.2017 05:00","11003","10413"
"21.05.2017 05:00 - 21.05.2017 06:00","10892","10198"
"21.05.2017 06:00 - 21.05.2017 07:00","10997","10572"
"21.05.2017 07:00 - 21.05.2017 08:00","11327","11240"
"21.05.2017 08:00 - 21.05.2017 09:00","11890","11761"
"21.05.2017 09:00 - 21.05.2017 10:00","12424","12288"
"21.05.2017 10:00 - 21.05.2017 11:00","12796","12520"
"21.05.2017 11:00 - 21.05.2017 12:00","12972","12728"
"21.05.2017 12:00 - 21.05.2017 13:00","13086","12683"
"21.05.2017 13:00 - 21.05.2017 14:00","13053","12537"
"21.05.2017 14:00 - 21.05.2017 15:00","12860","12408"
"21.05.2017 15:00 - 21.05.2017 16:00","12650","12316"
"21.05.2017 16:00 - 21.05.2017 17:00","12971","12581"
"21.05.2017 17:00 - 21.05.2017 18:00","13081","12556"
"21.05.2017 18:00 - 21.05.2017 19:00","13182","12518"
"21.05.2017 19:00 - 21.05.2017 20:00","13178","12808"
"21.05.2017 20:00 - 21.05.2017 21:00","13142","13007"
"21.05.2017 21:00 - 21.05.2017 22:00","13101","12846"
"21.05.2017 22:00 - 21.05.2017 23:00","12845","12653"
"21.05.2017 23:00 - 22.05.2017 00:00","12264","12126"
"22.05.2017 00:00 - 22.05.2017 01:00","11888","11573"
"22.05.2017 01:00 - 22.05.2017 02:00","11635","11268"
"22.05.2017 02:00 - 22.05.2017 03:00","11585","11227"
"22.05.2017 03:00 - 22.05.2017 04:00","11665","11241"
"22.05.2017 04:00 - 22.05.2017 05:00","11687","11189"
"22.05.2017 05:00 - 22.05.2017 06:00","12020","11864"
"22.05.2017 06:00 - 22.05.2017 07:00","13305","13461"
"22.05.2017 07:00 - 22.05.2017 08:00","14961","15421"
"22.05.2017 08:00 - 22.05.2017 09:00","15819","15521"
"22.05.2017 09:00 - 22.05.2017 10:00","15851","15581"
"22.05.2017 10:00 - 22.05.2017 11:00","15998","15642"
"22.05.2017 11:00 - 22.05.2017 12:00","15926","15627"
"22.05.2017 12:00 - 22.05.2017 13:00","15772","15479"
"22.05.2017 13:00 - 22.05.2017 14:00","15636","15453"
"22.05.2017 14:00 - 22.05.2017 15:00","15465","15394"
"22.05.2017 15:00 - 22.05.2017 16:00","15355","15195"
"22.05.2017 16:00 - 22.05.2017 17:00","15113","14958"
"22.05.2017 17:00 - 22.05.2017 18:00","15030","15087"
"22.05.2017 18:00 - 22.05.2017 19:00","14867","14791"
"22.05.2017 19:00 - 22.05.2017 20:00","14615","14708"
"22.05.2017 20:00 - 22.05.2017 21:00","14448","14244"
"22.05.2017 21:00 - 22.05.2017 22:00","14246","13834"
"22.05.2017 22:00 - 22.05.2017 23:00","13843","13431"
"22.05.2017 23:00 - 23.05.2017 00:00","13063","12720"
"23.05.2017 00:00 - 23.05.2017 01:00","12204","11595"
"23.05.2017 01:00 - 23.05.2017 02:00","11787","11497"
"23.05.2017 02:00 - 23.05.2017 03:00","11649","11472"
"23.05.2017 03:00 - 23.05.2017 04:00","11617","11669"
"23.05.2017 04:00 - 23.05.2017 05:00","11630","11651"
"23.05.2017 05:00 - 23.05.2017 06:00","11920","12175"
"23.05.2017 06:00 - 23.05.2017 07:00","13055","13778"
"23.05.2017 07:00 - 23.05.2017 08:00","14870","15778"
"23.05.2017 08:00 - 23.05.2017 09:00","15852","15823"
"23.05.2017 09:00 - 23.05.2017 10:00","16018","15579"
"23.05.2017 10:00 - 23.05.2017 11:00","15950","15761"
"23.05.2017 11:00 - 23.05.2017 12:00","15793","15645"
"23.05.2017 12:00 - 23.05.2017 13:00","15612","15485"
"23.05.2017 13:00 - 23.05.2017 14:00","15483","15542"
"23.05.2017 14:00 - 23.05.2017 15:00","15317","15176"
"23.05.2017 15:00 - 23.05.2017 16:00","15185","14983"
"23.05.2017 16:00 - 23.05.2017 17:00","14921","14895"
"23.05.2017 17:00 - 23.05.2017 18:00","14817","14826"
"23.05.2017 18:00 - 23.05.2017 19:00","14654","14460"
"23.05.2017 19:00 - 23.05.2017 20:00","14395","13935"
"23.05.2017 20:00 - 23.05.2017 21:00","14236","13826"
"23.05.2017 21:00 - 23.05.2017 22:00","14043","13458"
"23.05.2017 22:00 - 23.05.2017 23:00","13688","13284"
"23.05.2017 23:00 - 24.05.2017 00:00","12956","12630"
"24.05.2017 00:00 - 24.05.2017 01:00","12259","11902"
"24.05.2017 01:00 - 24.05.2017 02:00","11859","11628"
"24.05.2017 02:00 - 24.05.2017 03:00","11720","11675"
"24.05.2017 03:00 - 24.05.2017 04:00","11685","11574"
"24.05.2017 04:00 - 24.05.2017 05:00","11698","11445"
"24.05.2017 05:00 - 24.05.2017 06:00","11967","11979"
"24.05.2017 06:00 - 24.05.2017 07:00","13034","13465"
"24.05.2017 07:00 - 24.05.2017 08:00","14765","15298"
"24.05.2017 08:00 - 24.05.2017 09:00","15759","15586"
"24.05.2017 09:00 - 24.05.2017 10:00","15684","15315"
"24.05.2017 10:00 - 24.05.2017 11:00","15691","15620"
"24.05.2017 11:00 - 24.05.2017 12:00","15418","15639"
"24.05.2017 12:00 - 24.05.2017 13:00","15320","15510"
"24.05.2017 13:00 - 24.05.2017 14:00","15139","15385"
"24.05.2017 14:00 - 24.05.2017 15:00","14993","15192"
"24.05.2017 15:00 - 24.05.2017 16:00","14881","14845"
"24.05.2017 16:00 - 24.05.2017 17:00","14635","14633"
"24.05.2017 17:00 - 24.05.2017 18:00","14673","14464"
"24.05.2017 18:00 - 24.05.2017 19:00","14326","13703"
"24.05.2017 19:00 - 24.05.2017 20:00","14086","13734"
"24.05.2017 20:00 - 24.05.2017 21:00","13907","13332"
"24.05.2017 21:00 - 24.05.2017 22:00","13719","12796"
"24.05.2017 22:00 - 24.05.2017 23:00","13364","12508"
"24.05.2017 23:00 - 25.05.2017 00:00","12669","11882"
"25.05.2017 00:00 - 25.05.2017 01:00","11823","11270"
"25.05.2017 01:00 - 25.05.2017 02:00","11425","10937"
"25.05.2017 02:00 - 25.05.2017 03:00","11227","10873"
"25.05.2017 03:00 - 25.05.2017 04:00","11187","10635"
"25.05.2017 04:00 - 25.05.2017 05:00","11120","10319"
"25.05.2017 05:00 - 25.05.2017 06:00","11101","10387"
"25.05.2017 06:00 - 25.05.2017 07:00","11375","11047"
"25.05.2017 07:00 - 25.05.2017 08:00","11812","12023"
"25.05.2017 08:00 - 25.05.2017 09:00","12600","12809"
"25.05.2017 09:00 - 25.05.2017 10:00","13086","13330"
"25.05.2017 10:00 - 25.05.2017 11:00","13194","13324"
"25.05.2017 11:00 - 25.05.2017 12:00","13308","13433"
"25.05.2017 12:00 - 25.05.2017 13:00","13320","13165"
"25.05.2017 13:00 - 25.05.2017 14:00","13059","12988"
"25.05.2017 14:00 - 25.05.2017 15:00","12866","12911"
"25.05.2017 15:00 - 25.05.2017 16:00","12726","12454"
"25.05.2017 16:00 - 25.05.2017 17:00","12671","12602"
"25.05.2017 17:00 - 25.05.2017 18:00","12737","13059"
"25.05.2017 18:00 - 25.05.2017 19:00","12788","12891"
"25.05.2017 19:00 - 25.05.2017 20:00","12695","12787"
"25.05.2017 20:00 - 25.05.2017 21:00","12690","12655"
"25.05.2017 21:00 - 25.05.2017 22:00","12717","12435"
"25.05.2017 22:00 - 25.05.2017 23:00","12562","12363"
"25.05.2017 23:00 - 26.05.2017 00:00","12015","11466"
"26.05.2017 00:00 - 26.05.2017 01:00","11517","10904"
"26.05.2017 01:00 - 26.05.2017 02:00","11172","10653"
"26.05.2017 02:00 - 26.05.2017 03:00","11070","10597"
"26.05.2017 03:00 - 26.05.2017 04:00","11073","10536"
"26.05.2017 04:00 - 26.05.2017 05:00","11046","10434"
"26.05.2017 05:00 - 26.05.2017 06:00","11242","10705"
"26.05.2017 06:00 - 26.05.2017 07:00","11994","11934"
"26.05.2017 07:00 - 26.05.2017 08:00","13109","13150"
"26.05.2017 08:00 - 26.05.2017 09:00","13935","13951"
"26.05.2017 09:00 - 26.05.2017 10:00","14277","14232"
"26.05.2017 10:00 - 26.05.2017 11:00","14362","14243"
"26.05.2017 11:00 - 26.05.2017 12:00","14325","14426"
"26.05.2017 12:00 - 26.05.2017 13:00","14176","14194"
"26.05.2017 13:00 - 26.05.2017 14:00","13926","13838"
"26.05.2017 14:00 - 26.05.2017 15:00","13658","13541"
"26.05.2017 15:00 - 26.05.2017 16:00","13482","13273"
"26.05.2017 16:00 - 26.05.2017 17:00","13288","13182"
"26.05.2017 17:00 - 26.05.2017 18:00","13301","13518"
"26.05.2017 18:00 - 26.05.2017 19:00","13216","13340"
"26.05.2017 19:00 - 26.05.2017 20:00","13049","13046"
"26.05.2017 20:00 - 26.05.2017 21:00","12795","12598"
"26.05.2017 21:00 - 26.05.2017 22:00","12596","12273"
"26.05.2017 22:00 - 26.05.2017 23:00","12479","12077"
"26.05.2017 23:00 - 27.05.2017 00:00","12030","11498"
"27.05.2017 00:00 - 27.05.2017 01:00","11299","11119"
"27.05.2017 01:00 - 27.05.2017 02:00","10903","10767"
"27.05.2017 02:00 - 27.05.2017 03:00","10695","10552"
"27.05.2017 03:00 - 27.05.2017 04:00","10539","10458"
"27.05.2017 04:00 - 27.05.2017 05:00","10398","10194"
"27.05.2017 05:00 - 27.05.2017 06:00","10300","10214"
"27.05.2017 06:00 - 27.05.2017 07:00","10416","10651"
"27.05.2017 07:00 - 27.05.2017 08:00","10846","11210"
"27.05.2017 08:00 - 27.05.2017 09:00","11526","12090"
"27.05.2017 09:00 - 27.05.2017 10:00","12436","12578"
"27.05.2017 10:00 - 27.05.2017 11:00","12782","12723"
"27.05.2017 11:00 - 27.05.2017 12:00","12799","12605"
"27.05.2017 12:00 - 27.05.2017 13:00","12604","12578"
"27.05.2017 13:00 - 27.05.2017 14:00","12263","12449"
"27.05.2017 14:00 - 27.05.2017 15:00","12049","12412"
"27.05.2017 15:00 - 27.05.2017 16:00","11902","12717"
"27.05.2017 16:00 - 27.05.2017 17:00","11857","12531"
"27.05.2017 17:00 - 27.05.2017 18:00","11946","12835"
"27.05.2017 18:00 - 27.05.2017 19:00","11939","12888"
"27.05.2017 19:00 - 27.05.2017 20:00","11848","12720"
"27.05.2017 20:00 - 27.05.2017 21:00","11659","12389"
"27.05.2017 21:00 - 27.05.2017 22:00","11563","12118"
"27.05.2017 22:00 - 27.05.2017 23:00","11523","11861"
"27.05.2017 23:00 - 28.05.2017 00:00","11245","11296"
"28.05.2017 00:00 - 28.05.2017 01:00","10758","10540"
"28.05.2017 01:00 - 28.05.2017 02:00","10380","10169"
"28.05.2017 02:00 - 28.05.2017 03:00","10158","9945"
"28.05.2017 03:00 - 28.05.2017 04:00","10012","9712"
"28.05.2017 04:00 - 28.05.2017 05:00","9845","9444"
"28.05.2017 05:00 - 28.05.2017 06:00","9743","9405"
"28.05.2017 06:00 - 28.05.2017 07:00","9844","9884"
"28.05.2017 07:00 - 28.05.2017 08:00","10201","10838"
"28.05.2017 08:00 - 28.05.2017 09:00","10841","11499"
"28.05.2017 09:00 - 28.05.2017 10:00","11497","12293"
"28.05.2017 10:00 - 28.05.2017 11:00","11939","12674"
"28.05.2017 11:00 - 28.05.2017 12:00","12162","12738"
"28.05.2017 12:00 - 28.05.2017 13:00","12188","12611"
"28.05.2017 13:00 - 28.05.2017 14:00","12093","12625"
"28.05.2017 14:00 - 28.05.2017 15:00","11934","12719"
"28.05.2017 15:00 - 28.05.2017 16:00","11846","12578"
"28.05.2017 16:00 - 28.05.2017 17:00","11822","12621"
"28.05.2017 17:00 - 28.05.2017 18:00","11953","12782"
"28.05.2017 18:00 - 28.05.2017 19:00","12044","12638"
"28.05.2017 19:00 - 28.05.2017 20:00","12046","12456"
"28.05.2017 20:00 - 28.05.2017 21:00","12000","12697"
"28.05.2017 21:00 - 28.05.2017 22:00","11916","12756"
"28.05.2017 22:00 - 28.05.2017 23:00","11739","12369"
"28.05.2017 23:00 - 29.05.2017 00:00","11244","11762"
"29.05.2017 00:00 - 29.05.2017 01:00","10744","11172"
"29.05.2017 01:00 - 29.05.2017 02:00","10463","10935"
"29.05.2017 02:00 - 29.05.2017 03:00","10377","10840"
"29.05.2017 03:00 - 29.05.2017 04:00","10385","10667"
"29.05.2017 04:00 - 29.05.2017 05:00","10568","10629"
"29.05.2017 05:00 - 29.05.2017 06:00","11011","11119"
"29.05.2017 06:00 - 29.05.2017 07:00","12283","12935"
"29.05.2017 07:00 - 29.05.2017 08:00","13934","14632"
"29.05.2017 08:00 - 29.05.2017 09:00","15012","15268"
"29.05.2017 09:00 - 29.05.2017 10:00","15270","15397"
"29.05.2017 10:00 - 29.05.2017 11:00","15349","15489"
"29.05.2017 11:00 - 29.05.2017 12:00","15300","15387"
"29.05.2017 12:00 - 29.05.2017 13:00","15171","15127"
"29.05.2017 13:00 - 29.05.2017 14:00","15179","15046"
"29.05.2017 14:00 - 29.05.2017 15:00","15040","14882"
"29.05.2017 15:00 - 29.05.2017 16:00","15031","15122"
"29.05.2017 16:00 - 29.05.2017 17:00","14907","14807"
"29.05.2017 17:00 - 29.05.2017 18:00","14770","14761"
"29.05.2017 18:00 - 29.05.2017 19:00","14651","14464"
"29.05.2017 19:00 - 29.05.2017 20:00","14317","14205"
"29.05.2017 20:00 - 29.05.2017 21:00","14158","13954"
"29.05.2017 21:00 - 29.05.2017 22:00","13960","13737"
"29.05.2017 22:00 - 29.05.2017 23:00","13611","13236"
"29.05.2017 23:00 - 30.05.2017 00:00","12952","12399"
"30.05.2017 00:00 - 30.05.2017 01:00","12447","11356"
"30.05.2017 01:00 - 30.05.2017 02:00","11910","11184"
"30.05.2017 02:00 - 30.05.2017 03:00","11716","11131"
"30.05.2017 03:00 - 30.05.2017 04:00","11640","11018"
"30.05.2017 04:00 - 30.05.2017 05:00","11612","10923"
"30.05.2017 05:00 - 30.05.2017 06:00","11957","11561"
"30.05.2017 06:00 - 30.05.2017 07:00","13363","13029"
"30.05.2017 07:00 - 30.05.2017 08:00","15308","14725"
"30.05.2017 08:00 - 30.05.2017 09:00","16417","15152"
"30.05.2017 09:00 - 30.05.2017 10:00","16618","15170"
"30.05.2017 10:00 - 30.05.2017 11:00","16645","15291"
"30.05.2017 11:00 - 30.05.2017 12:00","16660","15423"
"30.05.2017 12:00 - 30.05.2017 13:00","16608","15519"
"30.05.2017 13:00 - 30.05.2017 14:00","16468","15417"
"30.05.2017 14:00 - 30.05.2017 15:00","16354","15464"
"30.05.2017 15:00 - 30.05.2017 16:00","16248","15304"
"30.05.2017 16:00 - 30.05.2017 17:00","16006","15057"
"30.05.2017 17:00 - 30.05.2017 18:00","15875","15030"
"30.05.2017 18:00 - 30.05.2017 19:00","15681","14519"
"30.05.2017 19:00 - 30.05.2017 20:00","15368","14347"
"30.05.2017 20:00 - 30.05.2017 21:00","15126","13994"
"30.05.2017 21:00 - 30.05.2017 22:00","14805","13588"
"30.05.2017 22:00 - 30.05.2017 23:00","14348","12924"
"30.05.2017 23:00 - 31.05.2017 00:00","13493","12208"
"31.05.2017 00:00 - 31.05.2017 01:00","12325","11377"
"31.05.2017 01:00 - 31.05.2017 02:00","11851","11326"
"31.05.2017 02:00 - 31.05.2017 03:00","11670","11188"
"31.05.2017 03:00 - 31.05.2017 04:00","11597","11069"
"31.05.2017 04:00 - 31.05.2017 05:00","11563","10840"
"31.05.2017 05:00 - 31.05.2017 06:00","11864","11616"
"31.05.2017 06:00 - 31.05.2017 07:00","13057","12896"
"31.05.2017 07:00 - 31.05.2017 08:00","14690","14877"
"31.05.2017 08:00 - 31.05.2017 09:00","15658","15426"
"31.05.2017 09:00 - 31.05.2017 10:00","15821","15492"
"31.05.2017 10:00 - 31.05.2017 11:00","15883","15841"
"31.05.2017 11:00 - 31.05.2017 12:00","15921","15840"
"31.05.2017 12:00 - 31.05.2017 13:00","15876","15598"
"31.05.2017 13:00 - 31.05.2017 14:00","15771","15652"
"31.05.2017 14:00 - 31.05.2017 15:00","15651","15304"
"31.05.2017 15:00 - 31.05.2017 16:00","15575","15199"
"31.05.2017 16:00 - 31.05.2017 17:00","15340","14885"
"31.05.2017 17:00 - 31.05.2017 18:00","15210","14811"
"31.05.2017 18:00 - 31.05.2017 19:00","15041","14580"
"31.05.2017 19:00 - 31.05.2017 20:00","14772","14441"
"31.05.2017 20:00 - 31.05.2017 21:00","14548","14291"
"31.05.2017 21:00 - 31.05.2017 22:00","14294","13921"
"31.05.2017 22:00 - 31.05.2017 23:00","13928","13460"
"31.05.2017 23:00 - 01.06.2017 00:00","13236","12934"
"01.06.2017 00:00 - 01.06.2017 01:00","12245","12371"
"01.06.2017 01:00 - 01.06.2017 02:00","11760","11986"
"01.06.2017 02:00 - 01.06.2017 03:00","11581","11710"
"01.06.2017 03:00 - 01.06.2017 04:00","11512","11773"
"01.06.2017 04:00 - 01.06.2017 05:00","11488","11670"
"01.06.2017 05:00 - 01.06.2017 06:00","11808","12446"
"01.06.2017 06:00 - 01.06.2017 07:00","13039","14136"
"01.06.2017 07:00 - 01.06.2017 08:00","14705","15831"
"01.06.2017 08:00 - 01.06.2017 09:00","15671","15594"
"01.06.2017 09:00 - 01.06.2017 10:00","15871","15379"
"01.06.2017 10:00 - 01.06.2017 11:00","15903","15193"
"01.06.2017 11:00 - 01.06.2017 12:00","15891","15260"
"01.06.2017 12:00 - 01.06.2017 13:00","15831","15160"
"01.06.2017 13:00 - 01.06.2017 14:00","15698","15008"
"01.06.2017 14:00 - 01.06.2017 15:00","15584","14690"
"01.06.2017 15:00 - 01.06.2017 16:00","15479","14868"
"01.06.2017 16:00 - 01.06.2017 17:00","15269","14494"
"01.06.2017 17:00 - 01.06.2017 18:00","15181","14583"
"01.06.2017 18:00 - 01.06.2017 19:00","14990","14250"
"01.06.2017 19:00 - 01.06.2017 20:00","14720","14332"
"01.06.2017 20:00 - 01.06.2017 21:00","14514","13977"
"01.06.2017 21:00 - 01.06.2017 22:00","14230","13668"
"01.06.2017 22:00 - 01.06.2017 23:00","13854","13165"
"01.06.2017 23:00 - 02.06.2017 00:00","13162","12530"
"02.06.2017 00:00 - 02.06.2017 01:00","12295","11894"
"02.06.2017 01:00 - 02.06.2017 02:00","11800","11622"
"02.06.2017 02:00 - 02.06.2017 03:00","11620","11457"
"02.06.2017 03:00 - 02.06.2017 04:00","11535","11230"
"02.06.2017 04:00 - 02.06.2017 05:00","11490","11272"
"02.06.2017 05:00 - 02.06.2017 06:00","11791","11946"
"02.06.2017 06:00 - 02.06.2017 07:00","13018","13613"
"02.06.2017 07:00 - 02.06.2017 08:00","14663","15124"
"02.06.2017 08:00 - 02.06.2017 09:00","15736","15345"
"02.06.2017 09:00 - 02.06.2017 10:00","15949","15195"
"02.06.2017 10:00 - 02.06.2017 11:00","16022","15315"
"02.06.2017 11:00 - 02.06.2017 12:00","15949","15344"
"02.06.2017 12:00 - 02.06.2017 13:00","15739","14821"
"02.06.2017 13:00 - 02.06.2017 14:00","15436","14307"
"02.06.2017 14:00 - 02.06.2017 15:00","15100","14217"
"02.06.2017 15:00 - 02.06.2017 16:00","14781","14027"
"02.06.2017 16:00 - 02.06.2017 17:00","14494","13860"
"02.06.2017 17:00 - 02.06.2017 18:00","14358","13829"
"02.06.2017 18:00 - 02.06.2017 19:00","14118","13724"
"02.06.2017 19:00 - 02.06.2017 20:00","13775","13534"
"02.06.2017 20:00 - 02.06.2017 21:00","13417","13111"
"02.06.2017 21:00 - 02.06.2017 22:00","13006","12948"
"02.06.2017 22:00 - 02.06.2017 23:00","12770","12569"
"02.06.2017 23:00 - 03.06.2017 00:00","12332","12063"
"03.06.2017 00:00 - 03.06.2017 01:00","11796","11435"
"03.06.2017 01:00 - 03.06.2017 02:00","11429","11064"
"03.06.2017 02:00 - 03.06.2017 03:00","11225","10970"
"03.06.2017 03:00 - 03.06.2017 04:00","11064","10728"
"03.06.2017 04:00 - 03.06.2017 05:00","10927","10593"
"03.06.2017 05:00 - 03.06.2017 06:00","10845","10625"
"03.06.2017 06:00 - 03.06.2017 07:00","10994","10969"
"03.06.2017 07:00 - 03.06.2017 08:00","11444","11397"
"03.06.2017 08:00 - 03.06.2017 09:00","12122","12068"
"03.06.2017 09:00 - 03.06.2017 10:00","12772","12615"
"03.06.2017 10:00 - 03.06.2017 11:00","13150","12879"
"03.06.2017 11:00 - 03.06.2017 12:00","13219","12995"
"03.06.2017 12:00 - 03.06.2017 13:00","13150","12906"
"03.06.2017 13:00 - 03.06.2017 14:00","13014","12730"
"03.06.2017 14:00 - 03.06.2017 15:00","12857","12616"
"03.06.2017 15:00 - 03.06.2017 16:00","12735","12451"
"03.06.2017 16:00 - 03.06.2017 17:00","12712","12427"
"03.06.2017 17:00 - 03.06.2017 18:00","12752","12631"
"03.06.2017 18:00 - 03.06.2017 19:00","12806","12617"
"03.06.2017 19:00 - 03.06.2017 20:00","12752","12576"
"03.06.2017 20:00 - 03.06.2017 21:00","12581","12354"
"03.06.2017 21:00 - 03.06.2017 22:00","12414","12096"
"03.06.2017 22:00 - 03.06.2017 23:00","12327","11957"
"03.06.2017 23:00 - 04.06.2017 00:00","12044","11456"
"04.06.2017 00:00 - 04.06.2017 01:00","11635","10841"
"04.06.2017 01:00 - 04.06.2017 02:00","11266","10672"
"04.06.2017 02:00 - 04.06.2017 03:00","11030","10576"
"04.06.2017 03:00 - 04.06.2017 04:00","10871","10427"
"04.06.2017 04:00 - 04.06.2017 05:00","10719","10212"
"04.06.2017 05:00 - 04.06.2017 06:00","10595","10155"
"04.06.2017 06:00 - 04.06.2017 07:00","10667","10328"
"04.06.2017 07:00 - 04.06.2017 08:00","11009","10927"
"04.06.2017 08:00 - 04.06.2017 09:00","11645","11463"
"04.06.2017 09:00 - 04.06.2017 10:00","12237","12034"
"04.06.2017 10:00 - 04.06.2017 11:00","12683","12305"
"04.06.2017 11:00 - 04.06.2017 12:00","12882","12580"
"04.06.2017 12:00 - 04.06.2017 13:00","12948","12701"
"04.06.2017 13:00 - 04.06.2017 14:00","12903","12635"
"04.06.2017 14:00 - 04.06.2017 15:00","12752","12584"
"04.06.2017 15:00 - 04.06.2017 16:00","12671","12554"
"04.06.2017 16:00 - 04.06.2017 17:00","12641","12644"
"04.06.2017 17:00 - 04.06.2017 18:00","12762","12905"
"04.06.2017 18:00 - 04.06.2017 19:00","12854","13033"
"04.06.2017 19:00 - 04.06.2017 20:00","12862","12954"
"04.06.2017 20:00 - 04.06.2017 21:00","12788","12623"
"04.06.2017 21:00 - 04.06.2017 22:00","12683","12390"
"04.06.2017 22:00 - 04.06.2017 23:00","12507","12431"
"04.06.2017 23:00 - 05.06.2017 00:00","12058","11612"
"05.06.2017 00:00 - 05.06.2017 01:00","11357","10879"
"05.06.2017 01:00 - 05.06.2017 02:00","11059","10578"
"05.06.2017 02:00 - 05.06.2017 03:00","10958","10454"
"05.06.2017 03:00 - 05.06.2017 04:00","10936","10377"
"05.06.2017 04:00 - 05.06.2017 05:00","10885","10558"
"05.06.2017 05:00 - 05.06.2017 06:00","11186","10902"
"05.06.2017 06:00 - 05.06.2017 07:00","12380","12142"
"05.06.2017 07:00 - 05.06.2017 08:00","13924","13325"
"05.06.2017 08:00 - 05.06.2017 09:00","14835","13830"
"05.06.2017 09:00 - 05.06.2017 10:00","15081","14251"
"05.06.2017 10:00 - 05.06.2017 11:00","15182","14330"
"05.06.2017 11:00 - 05.06.2017 12:00","15170","14291"
"05.06.2017 12:00 - 05.06.2017 13:00","15049","14294"
"05.06.2017 13:00 - 05.06.2017 14:00","14922","14472"
"05.06.2017 14:00 - 05.06.2017 15:00","14820","14151"
"05.06.2017 15:00 - 05.06.2017 16:00","14741","13736"
"05.06.2017 16:00 - 05.06.2017 17:00","14521","13726"
"05.06.2017 17:00 - 05.06.2017 18:00","14441","13773"
"05.06.2017 18:00 - 05.06.2017 19:00","14284","13691"
"05.06.2017 19:00 - 05.06.2017 20:00","14061","13491"
"05.06.2017 20:00 - 05.06.2017 21:00","13847","13138"
"05.06.2017 21:00 - 05.06.2017 22:00","13560","12629"
"05.06.2017 22:00 - 05.06.2017 23:00","13236","12281"
"05.06.2017 23:00 - 06.06.2017 00:00","12627","11831"
"06.06.2017 00:00 - 06.06.2017 01:00","11186","11107"
"06.06.2017 01:00 - 06.06.2017 02:00","10865","10629"
"06.06.2017 02:00 - 06.06.2017 03:00","10676","10402"
"06.06.2017 03:00 - 06.06.2017 04:00","10509","10380"
"06.06.2017 04:00 - 06.06.2017 05:00","10330","10142"
"06.06.2017 05:00 - 06.06.2017 06:00","10329","10233"
"06.06.2017 06:00 - 06.06.2017 07:00","10589","10764"
"06.06.2017 07:00 - 06.06.2017 08:00","11119","11782"
"06.06.2017 08:00 - 06.06.2017 09:00","11753","12323"
"06.06.2017 09:00 - 06.06.2017 10:00","12283","12605"
"06.06.2017 10:00 - 06.06.2017 11:00","12593","12792"
"06.06.2017 11:00 - 06.06.2017 12:00","12672","12803"
"06.06.2017 12:00 - 06.06.2017 13:00","12574","12779"
"06.06.2017 13:00 - 06.06.2017 14:00","12458","12904"
"06.06.2017 14:00 - 06.06.2017 15:00","12296","12740"
"06.06.2017 15:00 - 06.06.2017 16:00","12176","12440"
"06.06.2017 16:00 - 06.06.2017 17:00","12173","12654"
"06.06.2017 17:00 - 06.06.2017 18:00","12216","12897"
"06.06.2017 18:00 - 06.06.2017 19:00","12203","12826"
"06.06.2017 19:00 - 06.06.2017 20:00","12127","12705"
"06.06.2017 20:00 - 06.06.2017 21:00","12009","12532"
"06.06.2017 21:00 - 06.06.2017 22:00","11911","12233"
"06.06.2017 22:00 - 06.06.2017 23:00","11847","11937"
"06.06.2017 23:00 - 07.06.2017 00:00","11606","11491"
"07.06.2017 00:00 - 07.06.2017 01:00","11384","10991"
"07.06.2017 01:00 - 07.06.2017 02:00","11048","10681"
"07.06.2017 02:00 - 07.06.2017 03:00","10948","10477"
"07.06.2017 03:00 - 07.06.2017 04:00","10911","10541"
"07.06.2017 04:00 - 07.06.2017 05:00","10902","10733"
"07.06.2017 05:00 - 07.06.2017 06:00","11148","11190"
"07.06.2017 06:00 - 07.06.2017 07:00","12366","12634"
"07.06.2017 07:00 - 07.06.2017 08:00","13833","14161"
"07.06.2017 08:00 - 07.06.2017 09:00","14659","14765"
"07.06.2017 09:00 - 07.06.2017 10:00","14743","14982"
"07.06.2017 10:00 - 07.06.2017 11:00","14843","15116"
"07.06.2017 11:00 - 07.06.2017 12:00","14685","15090"
"07.06.2017 12:00 - 07.06.2017 13:00","14665","14766"
"07.06.2017 13:00 - 07.06.2017 14:00","14574","15088"
"07.06.2017 14:00 - 07.06.2017 15:00","14564","15240"
"07.06.2017 15:00 - 07.06.2017 16:00","14423","15001"
"07.06.2017 16:00 - 07.06.2017 17:00","14188","14770"
"07.06.2017 17:00 - 07.06.2017 18:00","14089","14785"
"07.06.2017 18:00 - 07.06.2017 19:00","13936","14532"
"07.06.2017 19:00 - 07.06.2017 20:00","13684","14504"
"07.06.2017 20:00 - 07.06.2017 21:00","13498","14044"
"07.06.2017 21:00 - 07.06.2017 22:00","13238","13671"
"07.06.2017 22:00 - 07.06.2017 23:00","12950","13071"
"07.06.2017 23:00 - 08.06.2017 00:00","12422","12299"
"08.06.2017 00:00 - 08.06.2017 01:00","11932","11849"
"08.06.2017 01:00 - 08.06.2017 02:00","11540","11713"
"08.06.2017 02:00 - 08.06.2017 03:00","11386","11508"
"08.06.2017 03:00 - 08.06.2017 04:00","11296","11511"
"08.06.2017 04:00 - 08.06.2017 05:00","11238","11407"
"08.06.2017 05:00 - 08.06.2017 06:00","11474","11747"
"08.06.2017 06:00 - 08.06.2017 07:00","12437","13027"
"08.06.2017 07:00 - 08.06.2017 08:00","13702","15073"
"08.06.2017 08:00 - 08.06.2017 09:00","14477","15310"
"08.06.2017 09:00 - 08.06.2017 10:00","14626","15445"
"08.06.2017 10:00 - 08.06.2017 11:00","14733","16067"
"08.06.2017 11:00 - 08.06.2017 12:00","14769","15658"
"08.06.2017 12:00 - 08.06.2017 13:00","14706","15188"
"08.06.2017 13:00 - 08.06.2017 14:00","14608","14922"
"08.06.2017 14:00 - 08.06.2017 15:00","14536","14854"
"08.06.2017 15:00 - 08.06.2017 16:00","14449","15072"
"08.06.2017 16:00 - 08.06.2017 17:00","14254","15086"
"08.06.2017 17:00 - 08.06.2017 18:00","14160","14870"
"08.06.2017 18:00 - 08.06.2017 19:00","14005","14308"
"08.06.2017 19:00 - 08.06.2017 20:00","13771","14323"
"08.06.2017 20:00 - 08.06.2017 21:00","13570","14350"
"08.06.2017 21:00 - 08.06.2017 22:00","13310","13992"
"08.06.2017 22:00 - 08.06.2017 23:00","13020","13422"
"08.06.2017 23:00 - 09.06.2017 00:00","12524","12621"
"09.06.2017 00:00 - 09.06.2017 01:00","12085","11895"
"09.06.2017 01:00 - 09.06.2017 02:00","11634","11645"
"09.06.2017 02:00 - 09.06.2017 03:00","11457","11510"
"09.06.2017 03:00 - 09.06.2017 04:00","11349","11383"
"09.06.2017 04:00 - 09.06.2017 05:00","11289","11280"
"09.06.2017 05:00 - 09.06.2017 06:00","11576","11675"
"09.06.2017 06:00 - 09.06.2017 07:00","12730","13367"
"09.06.2017 07:00 - 09.06.2017 08:00","14222","14868"
"09.06.2017 08:00 - 09.06.2017 09:00","15105","15373"
"09.06.2017 09:00 - 09.06.2017 10:00","15288","15578"
"09.06.2017 10:00 - 09.06.2017 11:00","15416","15959"
"09.06.2017 11:00 - 09.06.2017 12:00","15417","15320"
"09.06.2017 12:00 - 09.06.2017 13:00","15306","15196"
"09.06.2017 13:00 - 09.06.2017 14:00","15011","14947"
"09.06.2017 14:00 - 09.06.2017 15:00","14680","14688"
"09.06.2017 15:00 - 09.06.2017 16:00","14386","14138"
"09.06.2017 16:00 - 09.06.2017 17:00","14084","13771"
"09.06.2017 17:00 - 09.06.2017 18:00","13932","13947"
"09.06.2017 18:00 - 09.06.2017 19:00","13724","13619"
"09.06.2017 19:00 - 09.06.2017 20:00","13392","13236"
"09.06.2017 20:00 - 09.06.2017 21:00","13044","12657"
"09.06.2017 21:00 - 09.06.2017 22:00","12670","12012"
"09.06.2017 22:00 - 09.06.2017 23:00","12448","11875"
"09.06.2017 23:00 - 10.06.2017 00:00","12067","11640"
"10.06.2017 00:00 - 10.06.2017 01:00","11417","11262"
"10.06.2017 01:00 - 10.06.2017 02:00","11001","10925"
"10.06.2017 02:00 - 10.06.2017 03:00","10740","10684"
"10.06.2017 03:00 - 10.06.2017 04:00","10545","10489"
"10.06.2017 04:00 - 10.06.2017 05:00","10343","10242"
"10.06.2017 05:00 - 10.06.2017 06:00","10255","10287"
"10.06.2017 06:00 - 10.06.2017 07:00","10419","10626"
"10.06.2017 07:00 - 10.06.2017 08:00","10897","11481"
"10.06.2017 08:00 - 10.06.2017 09:00","11594","12128"
"10.06.2017 09:00 - 10.06.2017 10:00","12285","12674"
"10.06.2017 10:00 - 10.06.2017 11:00","12697","12999"
"10.06.2017 11:00 - 10.06.2017 12:00","12819","13068"
"10.06.2017 12:00 - 10.06.2017 13:00","12811","12684"
"10.06.2017 13:00 - 10.06.2017 14:00","12648","12635"
"10.06.2017 14:00 - 10.06.2017 15:00","12469","12465"
"10.06.2017 15:00 - 10.06.2017 16:00","12345","12349"
"10.06.2017 16:00 - 10.06.2017 17:00","12275","12387"
"10.06.2017 17:00 - 10.06.2017 18:00","12329","12596"
"10.06.2017 18:00 - 10.06.2017 19:00","12335","12686"
"10.06.2017 19:00 - 10.06.2017 20:00","12211","12441"
"10.06.2017 20:00 - 10.06.2017 21:00","12031","12218"
"10.06.2017 21:00 - 10.06.2017 22:00","11851","11969"
"10.06.2017 22:00 - 10.06.2017 23:00","11763","11813"
"10.06.2017 23:00 - 11.06.2017 00:00","11534","11299"
"11.06.2017 00:00 - 11.06.2017 01:00","11109","10842"
"11.06.2017 01:00 - 11.06.2017 02:00","10728","10511"
"11.06.2017 02:00 - 11.06.2017 03:00","10497","10501"
"11.06.2017 03:00 - 11.06.2017 04:00","10324","10510"
"11.06.2017 04:00 - 11.06.2017 05:00","10136","10246"
"11.06.2017 05:00 - 11.06.2017 06:00","10017","10075"
"11.06.2017 06:00 - 11.06.2017 07:00","10104","10214"
"11.06.2017 07:00 - 11.06.2017 08:00","10456","10918"
"11.06.2017 08:00 - 11.06.2017 09:00","11084","11513"
"11.06.2017 09:00 - 11.06.2017 10:00","11711","12198"
"11.06.2017 10:00 - 11.06.2017 11:00","12177","12671"
"11.06.2017 11:00 - 11.06.2017 12:00","12454","12867"
"11.06.2017 12:00 - 11.06.2017 13:00","12540","13001"
"11.06.2017 13:00 - 11.06.2017 14:00","12544","12882"
"11.06.2017 14:00 - 11.06.2017 15:00","12459","12869"
"11.06.2017 15:00 - 11.06.2017 16:00","12370","12825"
"11.06.2017 16:00 - 11.06.2017 17:00","12356","12968"
"11.06.2017 17:00 - 11.06.2017 18:00","12466","13080"
"11.06.2017 18:00 - 11.06.2017 19:00","12542","13441"
"11.06.2017 19:00 - 11.06.2017 20:00","12525","13466"
"11.06.2017 20:00 - 11.06.2017 21:00","12448","13219"
"11.06.2017 21:00 - 11.06.2017 22:00","12292","12921"
"11.06.2017 22:00 - 11.06.2017 23:00","12140","12425"
"11.06.2017 23:00 - 12.06.2017 00:00","11749","11755"
"12.06.2017 00:00 - 12.06.2017 01:00","11314","11027"
"12.06.2017 01:00 - 12.06.2017 02:00","10946","10740"
"12.06.2017 02:00 - 12.06.2017 03:00","10801","10998"
"12.06.2017 03:00 - 12.06.2017 04:00","10726","11094"
"12.06.2017 04:00 - 12.06.2017 05:00","10658","10886"
"12.06.2017 05:00 - 12.06.2017 06:00","11008","11513"
"12.06.2017 06:00 - 12.06.2017 07:00","12250","13079"
"12.06.2017 07:00 - 12.06.2017 08:00","13805","14489"
"12.06.2017 08:00 - 12.06.2017 09:00","14738","15118"
"12.06.2017 09:00 - 12.06.2017 10:00","15019","14983"
"12.06.2017 10:00 - 12.06.2017 11:00","15257","15068"
"12.06.2017 11:00 - 12.06.2017 12:00","15355","15003"
"12.06.2017 12:00 - 12.06.2017 13:00","15301","14933"
"12.06.2017 13:00 - 12.06.2017 14:00","15185","15090"
"12.06.2017 14:00 - 12.06.2017 15:00","15073","15124"
"12.06.2017 15:00 - 12.06.2017 16:00","14982","14978"
"12.06.2017 16:00 - 12.06.2017 17:00","14752","14857"
"12.06.2017 17:00 - 12.06.2017 18:00","14654","14867"
"12.06.2017 18:00 - 12.06.2017 19:00","14450","14561"
"12.06.2017 19:00 - 12.06.2017 20:00","14173","14370"
"12.06.2017 20:00 - 12.06.2017 21:00","13920","13995"
"12.06.2017 21:00 - 12.06.2017 22:00","13588","13692"
"12.06.2017 22:00 - 12.06.2017 23:00","13240","13269"
"12.06.2017 23:00 - 13.06.2017 00:00","12622","12427"
"13.06.2017 00:00 - 13.06.2017 01:00","12126","11651"
"13.06.2017 01:00 - 13.06.2017 02:00","11654","10999"
"13.06.2017 02:00 - 13.06.2017 03:00","11433","11094"
"13.06.2017 03:00 - 13.06.2017 04:00","11304","10982"
"13.06.2017 04:00 - 13.06.2017 05:00","11220","10909"
"13.06.2017 05:00 - 13.06.2017 06:00","11827","11543"
"13.06.2017 06:00 - 13.06.2017 07:00","13055","12800"
"13.06.2017 07:00 - 13.06.2017 08:00","14708","14379"
"13.06.2017 08:00 - 13.06.2017 09:00","15694","14587"
"13.06.2017 09:00 - 13.06.2017 10:00","15914","14841"
"13.06.2017 10:00 - 13.06.2017 11:00","16071","15016"
"13.06.2017 11:00 - 13.06.2017 12:00","16144","15066"
"13.06.2017 12:00 - 13.06.2017 13:00","16051","15139"
"13.06.2017 13:00 - 13.06.2017 14:00","15850","15187"
"13.06.2017 14:00 - 13.06.2017 15:00","15809","14900"
"13.06.2017 15:00 - 13.06.2017 16:00","15656","14650"
"13.06.2017 16:00 - 13.06.2017 17:00","15345","14472"
"13.06.2017 17:00 - 13.06.2017 18:00","15236","14467"
"13.06.2017 18:00 - 13.06.2017 19:00","15032","13939"
"13.06.2017 19:00 - 13.06.2017 20:00","14743","13865"
"13.06.2017 20:00 - 13.06.2017 21:00","14485","13726"
"13.06.2017 21:00 - 13.06.2017 22:00","13845","13404"
"13.06.2017 22:00 - 13.06.2017 23:00","13508","12832"
"13.06.2017 23:00 - 14.06.2017 00:00","12862","11986"
"14.06.2017 00:00 - 14.06.2017 01:00","12257","11168"
"14.06.2017 01:00 - 14.06.2017 02:00","11797","11118"
"14.06.2017 02:00 - 14.06.2017 03:00","11592","11092"
"14.06.2017 03:00 - 14.06.2017 04:00","11446","10883"
"14.06.2017 04:00 - 14.06.2017 05:00","11352","10732"
"14.06.2017 05:00 - 14.06.2017 06:00","11636","11535"
"14.06.2017 06:00 - 14.06.2017 07:00","12795","13119"
"14.06.2017 07:00 - 14.06.2017 08:00","14302","14632"
"14.06.2017 08:00 - 14.06.2017 09:00","15224","15112"
"14.06.2017 09:00 - 14.06.2017 10:00","15418","15062"
"14.06.2017 10:00 - 14.06.2017 11:00","15534","15108"
"14.06.2017 11:00 - 14.06.2017 12:00","15574","14960"
"14.06.2017 12:00 - 14.06.2017 13:00","15463","14953"
"14.06.2017 13:00 - 14.06.2017 14:00","15321","15077"
"14.06.2017 14:00 - 14.06.2017 15:00","15218","14865"
"14.06.2017 15:00 - 14.06.2017 16:00","15102","14770"
"14.06.2017 16:00 - 14.06.2017 17:00","14856","14340"
"14.06.2017 17:00 - 14.06.2017 18:00","14745","14147"
"14.06.2017 18:00 - 14.06.2017 19:00","14549","13985"
"14.06.2017 19:00 - 14.06.2017 20:00","14271","13835"
"14.06.2017 20:00 - 14.06.2017 21:00","14023","13655"
"14.06.2017 21:00 - 14.06.2017 22:00","13684","13083"
"14.06.2017 22:00 - 14.06.2017 23:00","13355","12660"
"14.06.2017 23:00 - 15.06.2017 00:00","12759","11963"
"15.06.2017 00:00 - 15.06.2017 01:00","12003","11427"
"15.06.2017 01:00 - 15.06.2017 02:00","11556","11184"
"15.06.2017 02:00 - 15.06.2017 03:00","11351","10960"
"15.06.2017 03:00 - 15.06.2017 04:00","11221","10653"
"15.06.2017 04:00 - 15.06.2017 05:00","11138","10428"
"15.06.2017 05:00 - 15.06.2017 06:00","11414","11004"
"15.06.2017 06:00 - 15.06.2017 07:00","12522","12663"
"15.06.2017 07:00 - 15.06.2017 08:00","13951","14236"
"15.06.2017 08:00 - 15.06.2017 09:00","14844","14714"
"15.06.2017 09:00 - 15.06.2017 10:00","15039","14624"
"15.06.2017 10:00 - 15.06.2017 11:00","15159","14717"
"15.06.2017 11:00 - 15.06.2017 12:00","15198","14942"
"15.06.2017 12:00 - 15.06.2017 13:00","15113","14866"
"15.06.2017 13:00 - 15.06.2017 14:00","15005","14862"
"15.06.2017 14:00 - 15.06.2017 15:00","14918","14813"
"15.06.2017 15:00 - 15.06.2017 16:00","14809","14502"
"15.06.2017 16:00 - 15.06.2017 17:00","14579","14674"
"15.06.2017 17:00 - 15.06.2017 18:00","14477","14599"
"15.06.2017 18:00 - 15.06.2017 19:00","14287","13992"
"15.06.2017 19:00 - 15.06.2017 20:00","14009","13711"
"15.06.2017 20:00 - 15.06.2017 21:00","13776","13340"
"15.06.2017 21:00 - 15.06.2017 22:00","13455","13180"
"15.06.2017 22:00 - 15.06.2017 23:00","13137","12680"
"15.06.2017 23:00 - 16.06.2017 00:00","12575","11954"
"16.06.2017 00:00 - 16.06.2017 01:00","11842","11191"
"16.06.2017 01:00 - 16.06.2017 02:00","11390","10871"
"16.06.2017 02:00 - 16.06.2017 03:00","11197","10954"
"16.06.2017 03:00 - 16.06.2017 04:00","11058","10850"
"16.06.2017 04:00 - 16.06.2017 05:00","10973","10760"
"16.06.2017 05:00 - 16.06.2017 06:00","11250","11283"
"16.06.2017 06:00 - 16.06.2017 07:00","12371","12386"
"16.06.2017 07:00 - 16.06.2017 08:00","13812","14147"
"16.06.2017 08:00 - 16.06.2017 09:00","14737","14534"
"16.06.2017 09:00 - 16.06.2017 10:00","14987","14611"
"16.06.2017 10:00 - 16.06.2017 11:00","15151","14854"
"16.06.2017 11:00 - 16.06.2017 12:00","15200","14725"
"16.06.2017 12:00 - 16.06.2017 13:00","15031","14368"
"16.06.2017 13:00 - 16.06.2017 14:00","14766","14362"
"16.06.2017 14:00 - 16.06.2017 15:00","14451","14079"
"16.06.2017 15:00 - 16.06.2017 16:00","14182","13741"
"16.06.2017 16:00 - 16.06.2017 17:00","13894","13800"
"16.06.2017 17:00 - 16.06.2017 18:00","13744","13824"
"16.06.2017 18:00 - 16.06.2017 19:00","13562","13459"
"16.06.2017 19:00 - 16.06.2017 20:00","13240","13081"
"16.06.2017 20:00 - 16.06.2017 21:00","12896","12568"
"16.06.2017 21:00 - 16.06.2017 22:00","12495","12116"
"16.06.2017 22:00 - 16.06.2017 23:00","12274","11856"
"16.06.2017 23:00 - 17.06.2017 00:00","11955","11323"
"17.06.2017 00:00 - 17.06.2017 01:00","11332","10844"
"17.06.2017 01:00 - 17.06.2017 02:00","10940","10552"
"17.06.2017 02:00 - 17.06.2017 03:00","10686","10403"
"17.06.2017 03:00 - 17.06.2017 04:00","10494","10162"
"17.06.2017 04:00 - 17.06.2017 05:00","10270","9923"
"17.06.2017 05:00 - 17.06.2017 06:00","10169","9907"
"17.06.2017 06:00 - 17.06.2017 07:00","10358","10470"
"17.06.2017 07:00 - 17.06.2017 08:00","10835","11176"
"17.06.2017 08:00 - 17.06.2017 09:00","11526","11815"
"17.06.2017 09:00 - 17.06.2017 10:00","12220","12503"
"17.06.2017 10:00 - 17.06.2017 11:00","12635","13122"
"17.06.2017 11:00 - 17.06.2017 12:00","12778","13218"
"17.06.2017 12:00 - 17.06.2017 13:00","12743","13103"
"17.06.2017 13:00 - 17.06.2017 14:00","12576","12768"
"17.06.2017 14:00 - 17.06.2017 15:00","12410","12348"
"17.06.2017 15:00 - 17.06.2017 16:00","12303","12139"
"17.06.2017 16:00 - 17.06.2017 17:00","12286","12232"
"17.06.2017 17:00 - 17.06.2017 18:00","12346","12363"
"17.06.2017 18:00 - 17.06.2017 19:00","12399","12133"
"17.06.2017 19:00 - 17.06.2017 20:00","12312","11895"
"17.06.2017 20:00 - 17.06.2017 21:00","12097","11620"
"17.06.2017 21:00 - 17.06.2017 22:00","11854","11455"
"17.06.2017 22:00 - 17.06.2017 23:00","11720","11121"
"17.06.2017 23:00 - 18.06.2017 00:00","11481","10815"
"18.06.2017 00:00 - 18.06.2017 01:00","10902","10288"
"18.06.2017 01:00 - 18.06.2017 02:00","10505","9954"
"18.06.2017 02:00 - 18.06.2017 03:00","10292","9739"
"18.06.2017 03:00 - 18.06.2017 04:00","10119","9348"
"18.06.2017 04:00 - 18.06.2017 05:00","9898","9162"
"18.06.2017 05:00 - 18.06.2017 06:00","9779","9370"
"18.06.2017 06:00 - 18.06.2017 07:00","9894","9994"
"18.06.2017 07:00 - 18.06.2017 08:00","10265","10665"
"18.06.2017 08:00 - 18.06.2017 09:00","10950","11329"
"18.06.2017 09:00 - 18.06.2017 10:00","11588","11957"
"18.06.2017 10:00 - 18.06.2017 11:00","12088","12087"
"18.06.2017 11:00 - 18.06.2017 12:00","12343","12304"
"18.06.2017 12:00 - 18.06.2017 13:00","12392","12384"
"18.06.2017 13:00 - 18.06.2017 14:00","12329","12488"
"18.06.2017 14:00 - 18.06.2017 15:00","12236","12311"
"18.06.2017 15:00 - 18.06.2017 16:00","12170","12169"
"18.06.2017 16:00 - 18.06.2017 17:00","12158","12264"
"18.06.2017 17:00 - 18.06.2017 18:00","12270","12542"
"18.06.2017 18:00 - 18.06.2017 19:00","12339","12601"
"18.06.2017 19:00 - 18.06.2017 20:00","12366","12512"
"18.06.2017 20:00 - 18.06.2017 21:00","12255","12658"
"18.06.2017 21:00 - 18.06.2017 22:00","12073","12534"
"18.06.2017 22:00 - 18.06.2017 23:00","11939","12475"
"18.06.2017 23:00 - 19.06.2017 00:00","11573","11849"
"19.06.2017 00:00 - 19.06.2017 01:00","10963","11234"
"19.06.2017 01:00 - 19.06.2017 02:00","10565","10705"
"19.06.2017 02:00 - 19.06.2017 03:00","10420","10696"
"19.06.2017 03:00 - 19.06.2017 04:00","10345","10496"
"19.06.2017 04:00 - 19.06.2017 05:00","10264","10368"
"19.06.2017 05:00 - 19.06.2017 06:00","10597","11247"
"19.06.2017 06:00 - 19.06.2017 07:00","11811","12724"
"19.06.2017 07:00 - 19.06.2017 08:00","13371","14323"
"19.06.2017 08:00 - 19.06.2017 09:00","14315","14846"
"19.06.2017 09:00 - 19.06.2017 10:00","14685","14877"
"19.06.2017 10:00 - 19.06.2017 11:00","14889","15082"
"19.06.2017 11:00 - 19.06.2017 12:00","14966","15131"
"19.06.2017 12:00 - 19.06.2017 13:00","14924","15295"
"19.06.2017 13:00 - 19.06.2017 14:00","14823","15377"
"19.06.2017 14:00 - 19.06.2017 15:00","14746","15120"
"19.06.2017 15:00 - 19.06.2017 16:00","14632","14772"
"19.06.2017 16:00 - 19.06.2017 17:00","14398","14744"
"19.06.2017 17:00 - 19.06.2017 18:00","14294","14735"
"19.06.2017 18:00 - 19.06.2017 19:00","14081","14492"
"19.06.2017 19:00 - 19.06.2017 20:00","13805","14142"
"19.06.2017 20:00 - 19.06.2017 21:00","13542","14225"
"19.06.2017 21:00 - 19.06.2017 22:00","13173","13705"
"19.06.2017 22:00 - 19.06.2017 23:00","12816","12939"
"19.06.2017 23:00 - 20.06.2017 00:00","12210","12295"
"20.06.2017 00:00 - 20.06.2017 01:00","11483","11500"
"20.06.2017 01:00 - 20.06.2017 02:00","10970","11331"
"20.06.2017 02:00 - 20.06.2017 03:00","10724","11030"
"20.06.2017 03:00 - 20.06.2017 04:00","10563","10896"
"20.06.2017 04:00 - 20.06.2017 05:00","10651","10668"
"20.06.2017 05:00 - 20.06.2017 06:00","10984","11142"
"20.06.2017 06:00 - 20.06.2017 07:00","12551","12576"
"20.06.2017 07:00 - 20.06.2017 08:00","14268","13923"
"20.06.2017 08:00 - 20.06.2017 09:00","14964","14240"
"20.06.2017 09:00 - 20.06.2017 10:00","15262","14485"
"20.06.2017 10:00 - 20.06.2017 11:00","15462","14658"
"20.06.2017 11:00 - 20.06.2017 12:00","15532","14634"
"20.06.2017 12:00 - 20.06.2017 13:00","15459","14510"
"20.06.2017 13:00 - 20.06.2017 14:00","15364","14346"
"20.06.2017 14:00 - 20.06.2017 15:00","15293","14556"
"20.06.2017 15:00 - 20.06.2017 16:00","15175","14517"
"20.06.2017 16:00 - 20.06.2017 17:00","14911","14287"
"20.06.2017 17:00 - 20.06.2017 18:00","14805","14177"
"20.06.2017 18:00 - 20.06.2017 19:00","14580","13907"
"20.06.2017 19:00 - 20.06.2017 20:00","14281","13671"
"20.06.2017 20:00 - 20.06.2017 21:00","14011","13472"
"20.06.2017 21:00 - 20.06.2017 22:00","13626","13464"
"20.06.2017 22:00 - 20.06.2017 23:00","13247","12730"
"20.06.2017 23:00 - 21.06.2017 00:00","12600","12116"
"21.06.2017 00:00 - 21.06.2017 01:00","11980","11488"
"21.06.2017 01:00 - 21.06.2017 02:00","11501","11082"
"21.06.2017 02:00 - 21.06.2017 03:00","11285","10998"
"21.06.2017 03:00 - 21.06.2017 04:00","11138","10836"
"21.06.2017 04:00 - 21.06.2017 05:00","11023","10765"
"21.06.2017 05:00 - 21.06.2017 06:00","11329","11393"
"21.06.2017 06:00 - 21.06.2017 07:00","12610","13042"
"21.06.2017 07:00 - 21.06.2017 08:00","14222","14553"
"21.06.2017 08:00 - 21.06.2017 09:00","15265","14939"
"21.06.2017 09:00 - 21.06.2017 10:00","15568","15304"
"21.06.2017 10:00 - 21.06.2017 11:00","15759","15473"
"21.06.2017 11:00 - 21.06.2017 12:00","15818","15039"
"21.06.2017 12:00 - 21.06.2017 13:00","15759","14883"
"21.06.2017 13:00 - 21.06.2017 14:00","15656","14938"
"21.06.2017 14:00 - 21.06.2017 15:00","15591","15112"
"21.06.2017 15:00 - 21.06.2017 16:00","15461","14826"
"21.06.2017 16:00 - 21.06.2017 17:00","15215","14773"
"21.06.2017 17:00 - 21.06.2017 18:00","15122","14617"
"21.06.2017 18:00 - 21.06.2017 19:00","14906","14354"
"21.06.2017 19:00 - 21.06.2017 20:00","14602","14227"
"21.06.2017 20:00 - 21.06.2017 21:00","14313","13904"
"21.06.2017 21:00 - 21.06.2017 22:00","13928","13576"
"21.06.2017 22:00 - 21.06.2017 23:00","13554","13259"
"21.06.2017 23:00 - 22.06.2017 00:00","12924","12439"
"22.06.2017 00:00 - 22.06.2017 01:00","12246","11884"
"22.06.2017 01:00 - 22.06.2017 02:00","11816","11570"
"22.06.2017 02:00 - 22.06.2017 03:00","11619","11315"
"22.06.2017 03:00 - 22.06.2017 04:00","11491","11048"
"22.06.2017 04:00 - 22.06.2017 05:00","11356","11026"
"22.06.2017 05:00 - 22.06.2017 06:00","11674","11562"
"22.06.2017 06:00 - 22.06.2017 07:00","12898","13021"
"22.06.2017 07:00 - 22.06.2017 08:00","14350","14564"
"22.06.2017 08:00 - 22.06.2017 09:00","15220","14953"
"22.06.2017 09:00 - 22.06.2017 10:00","15481","14966"
"22.06.2017 10:00 - 22.06.2017 11:00","15621","15570"
"22.06.2017 11:00 - 22.06.2017 12:00","15593","15407"
"22.06.2017 12:00 - 22.06.2017 13:00","15458","15258"
"22.06.2017 13:00 - 22.06.2017 14:00","15289","14880"
"22.06.2017 14:00 - 22.06.2017 15:00","15050","14350"
"22.06.2017 15:00 - 22.06.2017 16:00","14787","14104"
"22.06.2017 16:00 - 22.06.2017 17:00","14509","14067"
"22.06.2017 17:00 - 22.06.2017 18:00","14467","14207"
"22.06.2017 18:00 - 22.06.2017 19:00","14297","13805"
"22.06.2017 19:00 - 22.06.2017 20:00","13967","13181"
"22.06.2017 20:00 - 22.06.2017 21:00","13658","12843"
"22.06.2017 21:00 - 22.06.2017 22:00","13273","12385"
"22.06.2017 22:00 - 22.06.2017 23:00","12902","11925"
"22.06.2017 23:00 - 23.06.2017 00:00","12363","11390"
"23.06.2017 00:00 - 23.06.2017 01:00","11320","10826"
"23.06.2017 01:00 - 23.06.2017 02:00","10891","10330"
"23.06.2017 02:00 - 23.06.2017 03:00","10629","10096"
"23.06.2017 03:00 - 23.06.2017 04:00","10406","9828"
"23.06.2017 04:00 - 23.06.2017 05:00","10176","9653"
"23.06.2017 05:00 - 23.06.2017 06:00","10173","9825"
"23.06.2017 06:00 - 23.06.2017 07:00","10515","10187"
"23.06.2017 07:00 - 23.06.2017 08:00","11134","11028"
"23.06.2017 08:00 - 23.06.2017 09:00","11892","11774"
"23.06.2017 09:00 - 23.06.2017 10:00","12479","12437"
"23.06.2017 10:00 - 23.06.2017 11:00","12847","12740"
"23.06.2017 11:00 - 23.06.2017 12:00","12929","12677"
"23.06.2017 12:00 - 23.06.2017 13:00","12866","12540"
"23.06.2017 13:00 - 23.06.2017 14:00","12617","11961"
"23.06.2017 14:00 - 23.06.2017 15:00","12345","11673"
"23.06.2017 15:00 - 23.06.2017 16:00","12184","11629"
"23.06.2017 16:00 - 23.06.2017 17:00","12149","11538"
"23.06.2017 17:00 - 23.06.2017 18:00","12132","11681"
"23.06.2017 18:00 - 23.06.2017 19:00","12070","11560"
"23.06.2017 19:00 - 23.06.2017 20:00","11971","11192"
"23.06.2017 20:00 - 23.06.2017 21:00","11840","10795"
"23.06.2017 21:00 - 23.06.2017 22:00","11706","10743"
"23.06.2017 22:00 - 23.06.2017 23:00","11722","10753"
"23.06.2017 23:00 - 24.06.2017 00:00","11626","10538"
"24.06.2017 00:00 - 24.06.2017 01:00","10843","10376"
"24.06.2017 01:00 - 24.06.2017 02:00","10460","10162"
"24.06.2017 02:00 - 24.06.2017 03:00","10190","10007"
"24.06.2017 03:00 - 24.06.2017 04:00","9973","9857"
"24.06.2017 04:00 - 24.06.2017 05:00","9731","9658"
"24.06.2017 05:00 - 24.06.2017 06:00","9637","9570"
"24.06.2017 06:00 - 24.06.2017 07:00","9769","9595"
"24.06.2017 07:00 - 24.06.2017 08:00","10106","10094"
"24.06.2017 08:00 - 24.06.2017 09:00","10691","10544"
"24.06.2017 09:00 - 24.06.2017 10:00","11293","11127"
"24.06.2017 10:00 - 24.06.2017 11:00","11735","11330"
"24.06.2017 11:00 - 24.06.2017 12:00","11901","11500"
"24.06.2017 12:00 - 24.06.2017 13:00","11942","11467"
"24.06.2017 13:00 - 24.06.2017 14:00","11935","11416"
"24.06.2017 14:00 - 24.06.2017 15:00","11866","11258"
"24.06.2017 15:00 - 24.06.2017 16:00","11786","11236"
"24.06.2017 16:00 - 24.06.2017 17:00","11779","11358"
"24.06.2017 17:00 - 24.06.2017 18:00","11925","11521"
"24.06.2017 18:00 - 24.06.2017 19:00","11992","11528"
"24.06.2017 19:00 - 24.06.2017 20:00","11988","11339"
"24.06.2017 20:00 - 24.06.2017 21:00","11902","11405"
"24.06.2017 21:00 - 24.06.2017 22:00","11745","11187"
"24.06.2017 22:00 - 24.06.2017 23:00","11679","11059"
"24.06.2017 23:00 - 25.06.2017 00:00","11565","10767"
"25.06.2017 00:00 - 25.06.2017 01:00","10962","10214"
"25.06.2017 01:00 - 25.06.2017 02:00","10603","10036"
"25.06.2017 02:00 - 25.06.2017 03:00","10379","9666"
"25.06.2017 03:00 - 25.06.2017 04:00","10218","9584"
"25.06.2017 04:00 - 25.06.2017 05:00","10005","9525"
"25.06.2017 05:00 - 25.06.2017 06:00","9899","9508"
"25.06.2017 06:00 - 25.06.2017 07:00","10030","9866"
"25.06.2017 07:00 - 25.06.2017 08:00","10417","10286"
"25.06.2017 08:00 - 25.06.2017 09:00","11064","10912"
"25.06.2017 09:00 - 25.06.2017 10:00","11715","11482"
"25.06.2017 10:00 - 25.06.2017 11:00","12230","11559"
"25.06.2017 11:00 - 25.06.2017 12:00","12504","11907"
"25.06.2017 12:00 - 25.06.2017 13:00","12645","12140"
"25.06.2017 13:00 - 25.06.2017 14:00","12659","12055"
"25.06.2017 14:00 - 25.06.2017 15:00","12582","12027"
"25.06.2017 15:00 - 25.06.2017 16:00","12551","12171"
"25.06.2017 16:00 - 25.06.2017 17:00","12564","11951"
"25.06.2017 17:00 - 25.06.2017 18:00","12680","12138"
"25.06.2017 18:00 - 25.06.2017 19:00","12790","12041"
"25.06.2017 19:00 - 25.06.2017 20:00","12842","12087"
"25.06.2017 20:00 - 25.06.2017 21:00","12757","11977"
"25.06.2017 21:00 - 25.06.2017 22:00","12556","11765"
"25.06.2017 22:00 - 25.06.2017 23:00","12406","11671"
"25.06.2017 23:00 - 26.06.2017 00:00","12087","11190"
"26.06.2017 00:00 - 26.06.2017 01:00","11449","10897"
"26.06.2017 01:00 - 26.06.2017 02:00","11037","10459"
"26.06.2017 02:00 - 26.06.2017 03:00","10839","10249"
"26.06.2017 03:00 - 26.06.2017 04:00","10760","10231"
"26.06.2017 04:00 - 26.06.2017 05:00","10667","10178"
"26.06.2017 05:00 - 26.06.2017 06:00","10944","10798"
"26.06.2017 06:00 - 26.06.2017 07:00","12065","12228"
"26.06.2017 07:00 - 26.06.2017 08:00","13486","13824"
"26.06.2017 08:00 - 26.06.2017 09:00","14421","14400"
"26.06.2017 09:00 - 26.06.2017 10:00","14812","14663"
"26.06.2017 10:00 - 26.06.2017 11:00","15044","14729"
"26.06.2017 11:00 - 26.06.2017 12:00","15118","14736"
"26.06.2017 12:00 - 26.06.2017 13:00","15058","14444"
"26.06.2017 13:00 - 26.06.2017 14:00","14954","14639"
"26.06.2017 14:00 - 26.06.2017 15:00","14892","14370"
"26.06.2017 15:00 - 26.06.2017 16:00","14795","14149"
"26.06.2017 16:00 - 26.06.2017 17:00","14524","14077"
"26.06.2017 17:00 - 26.06.2017 18:00","14447","14058"
"26.06.2017 18:00 - 26.06.2017 19:00","14243","13717"
"26.06.2017 19:00 - 26.06.2017 20:00","13976","13501"
"26.06.2017 20:00 - 26.06.2017 21:00","13723","13254"
"26.06.2017 21:00 - 26.06.2017 22:00","13405","12991"
"26.06.2017 22:00 - 26.06.2017 23:00","13093","12387"
"26.06.2017 23:00 - 27.06.2017 00:00","12539","12123"
"27.06.2017 00:00 - 27.06.2017 01:00","11598","11575"
"27.06.2017 01:00 - 27.06.2017 02:00","11191","11163"
"27.06.2017 02:00 - 27.06.2017 03:00","11000","11080"
"27.06.2017 03:00 - 27.06.2017 04:00","10862","10924"
"27.06.2017 04:00 - 27.06.2017 05:00","10741","10730"
"27.06.2017 05:00 - 27.06.2017 06:00","10972","11514"
"27.06.2017 06:00 - 27.06.2017 07:00","12154","13220"
"27.06.2017 07:00 - 27.06.2017 08:00","13646","14430"
"27.06.2017 08:00 - 27.06.2017 09:00","14476","14726"
"27.06.2017 09:00 - 27.06.2017 10:00","14854","15020"
"27.06.2017 10:00 - 27.06.2017 11:00","14970","15144"
"27.06.2017 11:00 - 27.06.2017 12:00","14928","15468"
"27.06.2017 12:00 - 27.06.2017 13:00","14557","14805"
"27.06.2017 13:00 - 27.06.2017 14:00","14481","14795"
"27.06.2017 14:00 - 27.06.2017 15:00","14421","15069"
"27.06.2017 15:00 - 27.06.2017 16:00","14327","14971"
"27.06.2017 16:00 - 27.06.2017 17:00","14083","14592"
"27.06.2017 17:00 - 27.06.2017 18:00","14012","14942"
"27.06.2017 18:00 - 27.06.2017 19:00","13814","14670"
"27.06.2017 19:00 - 27.06.2017 20:00","13551","14272"
"27.06.2017 20:00 - 27.06.2017 21:00","13324","14002"
"27.06.2017 21:00 - 27.06.2017 22:00","13034","13442"
"27.06.2017 22:00 - 27.06.2017 23:00","12749","13037"
"27.06.2017 23:00 - 28.06.2017 00:00","12245","12439"
"28.06.2017 00:00 - 28.06.2017 01:00","11549","11504"
"28.06.2017 01:00 - 28.06.2017 02:00","11110","11179"
"28.06.2017 02:00 - 28.06.2017 03:00","10901","11139"
"28.06.2017 03:00 - 28.06.2017 04:00","10747","11006"
"28.06.2017 04:00 - 28.06.2017 05:00","10614","10963"
"28.06.2017 05:00 - 28.06.2017 06:00","10955","11404"
"28.06.2017 06:00 - 28.06.2017 07:00","12198","12892"
"28.06.2017 07:00 - 28.06.2017 08:00","13678","14177"
"28.06.2017 08:00 - 28.06.2017 09:00","14580","14922"
"28.06.2017 09:00 - 28.06.2017 10:00","14686","15183"
"28.06.2017 10:00 - 28.06.2017 11:00","14695","15226"
"28.06.2017 11:00 - 28.06.2017 12:00","14760","15224"
"28.06.2017 12:00 - 28.06.2017 13:00","14661","14899"
"28.06.2017 13:00 - 28.06.2017 14:00","14558","14853"
"28.06.2017 14:00 - 28.06.2017 15:00","14495","14699"
"28.06.2017 15:00 - 28.06.2017 16:00","14406","14370"
"28.06.2017 16:00 - 28.06.2017 17:00","14147","14144"
"28.06.2017 17:00 - 28.06.2017 18:00","14066","14303"
"28.06.2017 18:00 - 28.06.2017 19:00","13861","13873"
"28.06.2017 19:00 - 28.06.2017 20:00","13594","13569"
"28.06.2017 20:00 - 28.06.2017 21:00","13333","13368"
"28.06.2017 21:00 - 28.06.2017 22:00","13005","12946"
"28.06.2017 22:00 - 28.06.2017 23:00","12700","12472"
"28.06.2017 23:00 - 29.06.2017 00:00","12138","11796"
"29.06.2017 00:00 - 29.06.2017 01:00","11590","11452"
"29.06.2017 01:00 - 29.06.2017 02:00","11120","11260"
"29.06.2017 02:00 - 29.06.2017 03:00","10884","11108"
"29.06.2017 03:00 - 29.06.2017 04:00","10724","11010"
"29.06.2017 04:00 - 29.06.2017 05:00","10575","11143"
"29.06.2017 05:00 - 29.06.2017 06:00","11115","11556"
"29.06.2017 06:00 - 29.06.2017 07:00","12304","13122"
"29.06.2017 07:00 - 29.06.2017 08:00","13856","14326"
"29.06.2017 08:00 - 29.06.2017 09:00","14832","14849"
"29.06.2017 09:00 - 29.06.2017 10:00","14979","15054"
"29.06.2017 10:00 - 29.06.2017 11:00","15124","15243"
"29.06.2017 11:00 - 29.06.2017 12:00","15215","15130"
"29.06.2017 12:00 - 29.06.2017 13:00","14968","15243"
"29.06.2017 13:00 - 29.06.2017 14:00","14883","15088"
"29.06.2017 14:00 - 29.06.2017 15:00","14805","15031"
"29.06.2017 15:00 - 29.06.2017 16:00","14718","14780"
"29.06.2017 16:00 - 29.06.2017 17:00","14480","14727"
"29.06.2017 17:00 - 29.06.2017 18:00","14387","14859"
"29.06.2017 18:00 - 29.06.2017 19:00","14194","14200"
"29.06.2017 19:00 - 29.06.2017 20:00","13912","14021"
"29.06.2017 20:00 - 29.06.2017 21:00","13625","13978"
"29.06.2017 21:00 - 29.06.2017 22:00","13279","13535"
"29.06.2017 22:00 - 29.06.2017 23:00","12952","13155"
"29.06.2017 23:00 - 30.06.2017 00:00","12359","12113"
"30.06.2017 00:00 - 30.06.2017 01:00","11652","11488"
"30.06.2017 01:00 - 30.06.2017 02:00","11170","11135"
"30.06.2017 02:00 - 30.06.2017 03:00","10932","11068"
"30.06.2017 03:00 - 30.06.2017 04:00","10766","10810"
"30.06.2017 04:00 - 30.06.2017 05:00","10614","10797"
"30.06.2017 05:00 - 30.06.2017 06:00","11208","11383"
"30.06.2017 06:00 - 30.06.2017 07:00","12413","12871"
"30.06.2017 07:00 - 30.06.2017 08:00","13962","14174"
"30.06.2017 08:00 - 30.06.2017 09:00","14952","14733"
"30.06.2017 09:00 - 30.06.2017 10:00","15192","14744"
"30.06.2017 10:00 - 30.06.2017 11:00","15338","14864"
"30.06.2017 11:00 - 30.06.2017 12:00","15246","14963"
"30.06.2017 12:00 - 30.06.2017 13:00","14942","14833"
"30.06.2017 13:00 - 30.06.2017 14:00","14724","14450"
"30.06.2017 14:00 - 30.06.2017 15:00","14490","14094"
"30.06.2017 15:00 - 30.06.2017 16:00","14225","13893"
"30.06.2017 16:00 - 30.06.2017 17:00","13917","14030"
"30.06.2017 17:00 - 30.06.2017 18:00","13811","14197"
"30.06.2017 18:00 - 30.06.2017 19:00","13631","14017"
"30.06.2017 19:00 - 30.06.2017 20:00","13276","13484"
"30.06.2017 20:00 - 30.06.2017 21:00","12860","13000"
"30.06.2017 21:00 - 30.06.2017 22:00","12434","12626"
"30.06.2017 22:00 - 30.06.2017 23:00","12159","12227"
"30.06.2017 23:00 - 01.07.2017 00:00","11829","11606"
"01.07.2017 00:00 - 01.07.2017 01:00","11263","10983"
"01.07.2017 01:00 - 01.07.2017 02:00","10874","10499"
"01.07.2017 02:00 - 01.07.2017 03:00","10618","10391"
"01.07.2017 03:00 - 01.07.2017 04:00","10411","10197"
"01.07.2017 04:00 - 01.07.2017 05:00","10151","10024"
"01.07.2017 05:00 - 01.07.2017 06:00","10063","9987"
"01.07.2017 06:00 - 01.07.2017 07:00","10283","10589"
"01.07.2017 07:00 - 01.07.2017 08:00","10810","11305"
"01.07.2017 08:00 - 01.07.2017 09:00","11567","11968"
"01.07.2017 09:00 - 01.07.2017 10:00","12450","12448"
"01.07.2017 10:00 - 01.07.2017 11:00","12914","12490"
"01.07.2017 11:00 - 01.07.2017 12:00","12955","12757"
"01.07.2017 12:00 - 01.07.2017 13:00","12944","12694"
"01.07.2017 13:00 - 01.07.2017 14:00","12794","12644"
"01.07.2017 14:00 - 01.07.2017 15:00","12614","12411"
"01.07.2017 15:00 - 01.07.2017 16:00","12442","12272"
"01.07.2017 16:00 - 01.07.2017 17:00","12364","12220"
"01.07.2017 17:00 - 01.07.2017 18:00","12444","12536"
"01.07.2017 18:00 - 01.07.2017 19:00","12547","12343"
"01.07.2017 19:00 - 01.07.2017 20:00","12384","12119"
"01.07.2017 20:00 - 01.07.2017 21:00","12036","12016"
"01.07.2017 21:00 - 01.07.2017 22:00","11810","11471"
"01.07.2017 22:00 - 01.07.2017 23:00","11710","11099"
"01.07.2017 23:00 - 02.07.2017 00:00","11455","10552"
"02.07.2017 00:00 - 02.07.2017 01:00","10875","10009"
"02.07.2017 01:00 - 02.07.2017 02:00","10504","9866"
"02.07.2017 02:00 - 02.07.2017 03:00","10264","9647"
"02.07.2017 03:00 - 02.07.2017 04:00","10063","9609"
"02.07.2017 04:00 - 02.07.2017 05:00","9840","9245"
"02.07.2017 05:00 - 02.07.2017 06:00","9748","9302"
"02.07.2017 06:00 - 02.07.2017 07:00","9880","9725"
"02.07.2017 07:00 - 02.07.2017 08:00","10284","10250"
"02.07.2017 08:00 - 02.07.2017 09:00","10910","10780"
"02.07.2017 09:00 - 02.07.2017 10:00","11570","11595"
"02.07.2017 10:00 - 02.07.2017 11:00","12071","12000"
"02.07.2017 11:00 - 02.07.2017 12:00","12298","12280"
"02.07.2017 12:00 - 02.07.2017 13:00","12375","12185"
"02.07.2017 13:00 - 02.07.2017 14:00","12421","12162"
"02.07.2017 14:00 - 02.07.2017 15:00","12314","12328"
"02.07.2017 15:00 - 02.07.2017 16:00","12245","12373"
"02.07.2017 16:00 - 02.07.2017 17:00","12256","12415"
"02.07.2017 17:00 - 02.07.2017 18:00","12358","12599"
"02.07.2017 18:00 - 02.07.2017 19:00","12423","12733"
"02.07.2017 19:00 - 02.07.2017 20:00","12435","12740"
"02.07.2017 20:00 - 02.07.2017 21:00","12352","12539"
"02.07.2017 21:00 - 02.07.2017 22:00","12194","12092"
"02.07.2017 22:00 - 02.07.2017 23:00","12051","11844"
"02.07.2017 23:00 - 03.07.2017 00:00","11691","11583"
"03.07.2017 00:00 - 03.07.2017 01:00","11124","11227"
"03.07.2017 01:00 - 03.07.2017 02:00","10727","10932"
"03.07.2017 02:00 - 03.07.2017 03:00","10494","10854"
"03.07.2017 03:00 - 03.07.2017 04:00","10406","10793"
"03.07.2017 04:00 - 03.07.2017 05:00","10312","10648"
"03.07.2017 05:00 - 03.07.2017 06:00","10554","11049"
"03.07.2017 06:00 - 03.07.2017 07:00","11705","12417"
"03.07.2017 07:00 - 03.07.2017 08:00","13190","13861"
"03.07.2017 08:00 - 03.07.2017 09:00","14252","14350"
"03.07.2017 09:00 - 03.07.2017 10:00","14716","14587"
"03.07.2017 10:00 - 03.07.2017 11:00","14946","14996"
"03.07.2017 11:00 - 03.07.2017 12:00","15043","14927"
"03.07.2017 12:00 - 03.07.2017 13:00","15034","14924"
"03.07.2017 13:00 - 03.07.2017 14:00","14960","15021"
"03.07.2017 14:00 - 03.07.2017 15:00","14893","14711"
"03.07.2017 15:00 - 03.07.2017 16:00","14793","14701"
"03.07.2017 16:00 - 03.07.2017 17:00","14541","14487"
"03.07.2017 17:00 - 03.07.2017 18:00","14483","14669"
"03.07.2017 18:00 - 03.07.2017 19:00","14311","14612"
"03.07.2017 19:00 - 03.07.2017 20:00","13999","14125"
"03.07.2017 20:00 - 03.07.2017 21:00","13702","13876"
"03.07.2017 21:00 - 03.07.2017 22:00","13373","13349"
"03.07.2017 22:00 - 03.07.2017 23:00","13060","12653"
"03.07.2017 23:00 - 04.07.2017 00:00","12478","12130"
"04.07.2017 00:00 - 04.07.2017 01:00","11610","11290"
"04.07.2017 01:00 - 04.07.2017 02:00","11137","10910"
"04.07.2017 02:00 - 04.07.2017 03:00","10902","10618"
"04.07.2017 03:00 - 04.07.2017 04:00","10753","10403"
"04.07.2017 04:00 - 04.07.2017 05:00","10591","10247"
"04.07.2017 05:00 - 04.07.2017 06:00","11222","10703"
"04.07.2017 06:00 - 04.07.2017 07:00","12282","12070"
"04.07.2017 07:00 - 04.07.2017 08:00","13706","13571"
"04.07.2017 08:00 - 04.07.2017 09:00","14669","14279"
"04.07.2017 09:00 - 04.07.2017 10:00","15079","14798"
"04.07.2017 10:00 - 04.07.2017 11:00","15354","15041"
"04.07.2017 11:00 - 04.07.2017 12:00","15438","14916"
"04.07.2017 12:00 - 04.07.2017 13:00","15030","14782"
"04.07.2017 13:00 - 04.07.2017 14:00","14960","14905"
"04.07.2017 14:00 - 04.07.2017 15:00","14867","14792"
"04.07.2017 15:00 - 04.07.2017 16:00","14777","14451"
"04.07.2017 16:00 - 04.07.2017 17:00","14551","14153"
"04.07.2017 17:00 - 04.07.2017 18:00","14495","14376"
"04.07.2017 18:00 - 04.07.2017 19:00","14317","14089"
"04.07.2017 19:00 - 04.07.2017 20:00","14013","13787"
"04.07.2017 20:00 - 04.07.2017 21:00","13706","13728"
"04.07.2017 21:00 - 04.07.2017 22:00","13381","13585"
"04.07.2017 22:00 - 04.07.2017 23:00","13081","13103"
"04.07.2017 23:00 - 05.07.2017 00:00","12512","12305"
"05.07.2017 00:00 - 05.07.2017 01:00","11807","11456"
"05.07.2017 01:00 - 05.07.2017 02:00","11338","11038"
"05.07.2017 02:00 - 05.07.2017 03:00","11109","10790"
"05.07.2017 03:00 - 05.07.2017 04:00","10965","10721"
"05.07.2017 04:00 - 05.07.2017 05:00","10807","10684"
"05.07.2017 05:00 - 05.07.2017 06:00","11025","11358"
"05.07.2017 06:00 - 05.07.2017 07:00","12064","12781"
"05.07.2017 07:00 - 05.07.2017 08:00","13465","14080"
"05.07.2017 08:00 - 05.07.2017 09:00","14416","14661"
"05.07.2017 09:00 - 05.07.2017 10:00","14816","14962"
"05.07.2017 10:00 - 05.07.2017 11:00","15087","15218"
"05.07.2017 11:00 - 05.07.2017 12:00","15174","15275"
"05.07.2017 12:00 - 05.07.2017 13:00","15164","15046"
"05.07.2017 13:00 - 05.07.2017 14:00","15070","14811"
"05.07.2017 14:00 - 05.07.2017 15:00","15004","14565"
"05.07.2017 15:00 - 05.07.2017 16:00","14905","14591"
"05.07.2017 16:00 - 05.07.2017 17:00","14649","14499"
"05.07.2017 17:00 - 05.07.2017 18:00","14567","14578"
"05.07.2017 18:00 - 05.07.2017 19:00","14395","14393"
"05.07.2017 19:00 - 05.07.2017 20:00","14093","14382"
"05.07.2017 20:00 - 05.07.2017 21:00","13782","13987"
"05.07.2017 21:00 - 05.07.2017 22:00","13463","13721"
"05.07.2017 22:00 - 05.07.2017 23:00","13164","13114"
"05.07.2017 23:00 - 06.07.2017 00:00","12586","12584"
"06.07.2017 00:00 - 06.07.2017 01:00","11811","11618"
"06.07.2017 01:00 - 06.07.2017 02:00","11338","11163"
"06.07.2017 02:00 - 06.07.2017 03:00","11105","11111"
"06.07.2017 03:00 - 06.07.2017 04:00","10962","11085"
"06.07.2017 04:00 - 06.07.2017 05:00","10798","10936"
"06.07.2017 05:00 - 06.07.2017 06:00","10991","11487"
"06.07.2017 06:00 - 06.07.2017 07:00","11974","12838"
"06.07.2017 07:00 - 06.07.2017 08:00","13339","14299"
"06.07.2017 08:00 - 06.07.2017 09:00","14291","14966"
"06.07.2017 09:00 - 06.07.2017 10:00","14690","15134"
"06.07.2017 10:00 - 06.07.2017 11:00","14952","15198"
"06.07.2017 11:00 - 06.07.2017 12:00","15028","15245"
"06.07.2017 12:00 - 06.07.2017 13:00","15021","14947"
"06.07.2017 13:00 - 06.07.2017 14:00","14942","14809"
"06.07.2017 14:00 - 06.07.2017 15:00","14857","14547"
"06.07.2017 15:00 - 06.07.2017 16:00","14741","14570"
"06.07.2017 16:00 - 06.07.2017 17:00","14489","14154"
"06.07.2017 17:00 - 06.07.2017 18:00","14411","14444"
"06.07.2017 18:00 - 06.07.2017 19:00","14240","14083"
"06.07.2017 19:00 - 06.07.2017 20:00","13936","13817"
"06.07.2017 20:00 - 06.07.2017 21:00","13619","13488"
"06.07.2017 21:00 - 06.07.2017 22:00","13307","13052"
"06.07.2017 22:00 - 06.07.2017 23:00","12999","12754"
"06.07.2017 23:00 - 07.07.2017 00:00","12416","11916"
"07.07.2017 00:00 - 07.07.2017 01:00","11637","11259"
"07.07.2017 01:00 - 07.07.2017 02:00","11148","10839"
"07.07.2017 02:00 - 07.07.2017 03:00","10911","10765"
"07.07.2017 03:00 - 07.07.2017 04:00","10749","10945"
"07.07.2017 04:00 - 07.07.2017 05:00","10574","10668"
"07.07.2017 05:00 - 07.07.2017 06:00","10762","11099"
"07.07.2017 06:00 - 07.07.2017 07:00","11759","12290"
"07.07.2017 07:00 - 07.07.2017 08:00","13125","13694"
"07.07.2017 08:00 - 07.07.2017 09:00","14067","14395"
"07.07.2017 09:00 - 07.07.2017 10:00","14477","14667"
"07.07.2017 10:00 - 07.07.2017 11:00","14675","14862"
"07.07.2017 11:00 - 07.07.2017 12:00","14721","14677"
"07.07.2017 12:00 - 07.07.2017 13:00","14603","14619"
"07.07.2017 13:00 - 07.07.2017 14:00","14365","14290"
"07.07.2017 14:00 - 07.07.2017 15:00","14127","13916"
"07.07.2017 15:00 - 07.07.2017 16:00","13861","13619"
"07.07.2017 16:00 - 07.07.2017 17:00","13619","13481"
"07.07.2017 17:00 - 07.07.2017 18:00","13601","13625"
"07.07.2017 18:00 - 07.07.2017 19:00","13433","13286"
"07.07.2017 19:00 - 07.07.2017 20:00","13102","12900"
"07.07.2017 20:00 - 07.07.2017 21:00","12671","12553"
"07.07.2017 21:00 - 07.07.2017 22:00","12285","12189"
"07.07.2017 22:00 - 07.07.2017 23:00","12067","12002"
"07.07.2017 23:00 - 08.07.2017 00:00","11693","11375"
"08.07.2017 00:00 - 08.07.2017 01:00","11033","10810"
"08.07.2017 01:00 - 08.07.2017 02:00","10613","10534"
"08.07.2017 02:00 - 08.07.2017 03:00","10362","10347"
"08.07.2017 03:00 - 08.07.2017 04:00","10194","10310"
"08.07.2017 04:00 - 08.07.2017 05:00","9933","10072"
"08.07.2017 05:00 - 08.07.2017 06:00","9892","9936"
"08.07.2017 06:00 - 08.07.2017 07:00","10173","10093"
"08.07.2017 07:00 - 08.07.2017 08:00","10771","10849"
"08.07.2017 08:00 - 08.07.2017 09:00","11559","11601"
"08.07.2017 09:00 - 08.07.2017 10:00","12274","12204"
"08.07.2017 10:00 - 08.07.2017 11:00","12769","12522"
"08.07.2017 11:00 - 08.07.2017 12:00","12954","12680"
"08.07.2017 12:00 - 08.07.2017 13:00","12940","12642"
"08.07.2017 13:00 - 08.07.2017 14:00","12855","12494"
"08.07.2017 14:00 - 08.07.2017 15:00","12675","12153"
"08.07.2017 15:00 - 08.07.2017 16:00","12530","12019"
"08.07.2017 16:00 - 08.07.2017 17:00","12510","12322"
"08.07.2017 17:00 - 08.07.2017 18:00","12581","12542"
"08.07.2017 18:00 - 08.07.2017 19:00","12555","12365"
"08.07.2017 19:00 - 08.07.2017 20:00","12342","12022"
"08.07.2017 20:00 - 08.07.2017 21:00","12085","11748"
"08.07.2017 21:00 - 08.07.2017 22:00","11875","11327"
"08.07.2017 22:00 - 08.07.2017 23:00","11764","11143"
"08.07.2017 23:00 - 09.07.2017 00:00","11434","10901"
"09.07.2017 00:00 - 09.07.2017 01:00","10981","10505"
"09.07.2017 01:00 - 09.07.2017 02:00","10619","10224"
"09.07.2017 02:00 - 09.07.2017 03:00","10415","10062"
"09.07.2017 03:00 - 09.07.2017 04:00","10213","9894"
"09.07.2017 04:00 - 09.07.2017 05:00","9984","9637"
"09.07.2017 05:00 - 09.07.2017 06:00","9913","9422"
"09.07.2017 06:00 - 09.07.2017 07:00","10102","9514"
"09.07.2017 07:00 - 09.07.2017 08:00","10560","10215"
"09.07.2017 08:00 - 09.07.2017 09:00","11195","10936"
"09.07.2017 09:00 - 09.07.2017 10:00","11825","11525"
"09.07.2017 10:00 - 09.07.2017 11:00","12330","11973"
"09.07.2017 11:00 - 09.07.2017 12:00","12540","12225"
"09.07.2017 12:00 - 09.07.2017 13:00","12605","12347"
"09.07.2017 13:00 - 09.07.2017 14:00","12559","12364"
"09.07.2017 14:00 - 09.07.2017 15:00","12441","12155"
"09.07.2017 15:00 - 09.07.2017 16:00","12366","12218"
"09.07.2017 16:00 - 09.07.2017 17:00","12375","12025"
"09.07.2017 17:00 - 09.07.2017 18:00","12473","12270"
"09.07.2017 18:00 - 09.07.2017 19:00","12501","12302"
"09.07.2017 19:00 - 09.07.2017 20:00","12456","12208"
"09.07.2017 20:00 - 09.07.2017 21:00","12338","12138"
"09.07.2017 21:00 - 09.07.2017 22:00","12167","11982"
"09.07.2017 22:00 - 09.07.2017 23:00","12035","11922"
"09.07.2017 23:00 - 10.07.2017 00:00","11634","11163"
"10.07.2017 00:00 - 10.07.2017 01:00","11063","10633"
"10.07.2017 01:00 - 10.07.2017 02:00","10723","10194"
"10.07.2017 02:00 - 10.07.2017 03:00","10527","10155"
"10.07.2017 03:00 - 10.07.2017 04:00","10424","10151"
"10.07.2017 04:00 - 10.07.2017 05:00","10331","9980"
"10.07.2017 05:00 - 10.07.2017 06:00","10601","10452"
"10.07.2017 06:00 - 10.07.2017 07:00","11689","11694"
"10.07.2017 07:00 - 10.07.2017 08:00","13029","13101"
"10.07.2017 08:00 - 10.07.2017 09:00","13958","13788"
"10.07.2017 09:00 - 10.07.2017 10:00","14414","14056"
"10.07.2017 10:00 - 10.07.2017 11:00","14663","14168"
"10.07.2017 11:00 - 10.07.2017 12:00","14699","14481"
"10.07.2017 12:00 - 10.07.2017 13:00","14651","14323"
"10.07.2017 13:00 - 10.07.2017 14:00","14561","14384"
"10.07.2017 14:00 - 10.07.2017 15:00","14437","13964"
"10.07.2017 15:00 - 10.07.2017 16:00","14325","14035"
"10.07.2017 16:00 - 10.07.2017 17:00","14103","13810"
"10.07.2017 17:00 - 10.07.2017 18:00","14052","14022"
"10.07.2017 18:00 - 10.07.2017 19:00","13879","13828"
"10.07.2017 19:00 - 10.07.2017 20:00","13595","13479"
"10.07.2017 20:00 - 10.07.2017 21:00","13261","13184"
"10.07.2017 21:00 - 10.07.2017 22:00","12924","12818"
"10.07.2017 22:00 - 10.07.2017 23:00","12641","12378"
"10.07.2017 23:00 - 11.07.2017 00:00","12045","11805"
"11.07.2017 00:00 - 11.07.2017 01:00","10974","11200"
"11.07.2017 01:00 - 11.07.2017 02:00","10585","10783"
"11.07.2017 02:00 - 11.07.2017 03:00","10400","10721"
"11.07.2017 03:00 - 11.07.2017 04:00","10272","10597"
"11.07.2017 04:00 - 11.07.2017 05:00","10141","10327"
"11.07.2017 05:00 - 11.07.2017 06:00","10368","10436"
"11.07.2017 06:00 - 11.07.2017 07:00","11330","11496"
"11.07.2017 07:00 - 11.07.2017 08:00","12577","12660"
"11.07.2017 08:00 - 11.07.2017 09:00","13394","13502"
"11.07.2017 09:00 - 11.07.2017 10:00","13807","14006"
"11.07.2017 10:00 - 11.07.2017 11:00","14086","14162"
"11.07.2017 11:00 - 11.07.2017 12:00","14126","14167"
"11.07.2017 12:00 - 11.07.2017 13:00","14078","13958"
"11.07.2017 13:00 - 11.07.2017 14:00","13974","13865"
"11.07.2017 14:00 - 11.07.2017 15:00","13847","13762"
"11.07.2017 15:00 - 11.07.2017 16:00","13719","13548"
"11.07.2017 16:00 - 11.07.2017 17:00","13501","13308"
"11.07.2017 17:00 - 11.07.2017 18:00","13449","13316"
"11.07.2017 18:00 - 11.07.2017 19:00","13279","13065"
"11.07.2017 19:00 - 11.07.2017 20:00","13010","13064"
"11.07.2017 20:00 - 11.07.2017 21:00","12698","12826"
"11.07.2017 21:00 - 11.07.2017 22:00","12400","12401"
"11.07.2017 22:00 - 11.07.2017 23:00","12148","11981"
"11.07.2017 23:00 - 12.07.2017 00:00","11587","11537"
"12.07.2017 00:00 - 12.07.2017 01:00","10716","10756"
"12.07.2017 01:00 - 12.07.2017 02:00","10265","10290"
"12.07.2017 02:00 - 12.07.2017 03:00","10026","10115"
"12.07.2017 03:00 - 12.07.2017 04:00","9864","9966"
"12.07.2017 04:00 - 12.07.2017 05:00","9705","9691"
"12.07.2017 05:00 - 12.07.2017 06:00","9940","10097"
"12.07.2017 06:00 - 12.07.2017 07:00","11013","11430"
"12.07.2017 07:00 - 12.07.2017 08:00","12413","12542"
"12.07.2017 08:00 - 12.07.2017 09:00","13381","13246"
"12.07.2017 09:00 - 12.07.2017 10:00","13875","13509"
"12.07.2017 10:00 - 12.07.2017 11:00","14190","13774"
"12.07.2017 11:00 - 12.07.2017 12:00","14260","13933"
"12.07.2017 12:00 - 12.07.2017 13:00","14281","13960"
"12.07.2017 13:00 - 12.07.2017 14:00","14186","13871"
"12.07.2017 14:00 - 12.07.2017 15:00","14066","13530"
"12.07.2017 15:00 - 12.07.2017 16:00","13963","13522"
"12.07.2017 16:00 - 12.07.2017 17:00","13736","13448"
"12.07.2017 17:00 - 12.07.2017 18:00","13681","13275"
"12.07.2017 18:00 - 12.07.2017 19:00","13509","13192"
"12.07.2017 19:00 - 12.07.2017 20:00","13233","13046"
"12.07.2017 20:00 - 12.07.2017 21:00","12886","12605"
"12.07.2017 21:00 - 12.07.2017 22:00","12559","12221"
"12.07.2017 22:00 - 12.07.2017 23:00","12276","11936"
"12.07.2017 23:00 - 13.07.2017 00:00","11667","11325"
"13.07.2017 00:00 - 13.07.2017 01:00","11202","10919"
"13.07.2017 01:00 - 13.07.2017 02:00","10793","10629"
"13.07.2017 02:00 - 13.07.2017 03:00","10596","10504"
"13.07.2017 03:00 - 13.07.2017 04:00","10476","10103"
"13.07.2017 04:00 - 13.07.2017 05:00","10346","10027"
"13.07.2017 05:00 - 13.07.2017 06:00","10576","10524"
"13.07.2017 06:00 - 13.07.2017 07:00","11578","11888"
"13.07.2017 07:00 - 13.07.2017 08:00","12891","13334"
"13.07.2017 08:00 - 13.07.2017 09:00","13788","13540"
"13.07.2017 09:00 - 13.07.2017 10:00","14228","13967"
"13.07.2017 10:00 - 13.07.2017 11:00","14541","14180"
"13.07.2017 11:00 - 13.07.2017 12:00","14645","13986"
"13.07.2017 12:00 - 13.07.2017 13:00","14641","13809"
"13.07.2017 13:00 - 13.07.2017 14:00","14592","13836"
"13.07.2017 14:00 - 13.07.2017 15:00","14495","13704"
"13.07.2017 15:00 - 13.07.2017 16:00","14392","13677"
"13.07.2017 16:00 - 13.07.2017 17:00","14185","13578"
"13.07.2017 17:00 - 13.07.2017 18:00","14122","13625"
"13.07.2017 18:00 - 13.07.2017 19:00","13930","13341"
"13.07.2017 19:00 - 13.07.2017 20:00","13667","13046"
"13.07.2017 20:00 - 13.07.2017 21:00","13346","12736"
"13.07.2017 21:00 - 13.07.2017 22:00","13052","12417"
"13.07.2017 22:00 - 13.07.2017 23:00","12790","12403"
"13.07.2017 23:00 - 14.07.2017 00:00","12198","11600"
"14.07.2017 00:00 - 14.07.2017 01:00","11601","10774"
"14.07.2017 01:00 - 14.07.2017 02:00","11197","10374"
"14.07.2017 02:00 - 14.07.2017 03:00","10990","10365"
"14.07.2017 03:00 - 14.07.2017 04:00","10867","10405"
"14.07.2017 04:00 - 14.07.2017 05:00","10723","10135"
"14.07.2017 05:00 - 14.07.2017 06:00","10907","10539"
"14.07.2017 06:00 - 14.07.2017 07:00","11808","11831"
"14.07.2017 07:00 - 14.07.2017 08:00","12978","13029"
"14.07.2017 08:00 - 14.07.2017 09:00","13775","13553"
"14.07.2017 09:00 - 14.07.2017 10:00","14182","14037"
"14.07.2017 10:00 - 14.07.2017 11:00","14396","14208"
"14.07.2017 11:00 - 14.07.2017 12:00","14425","13826"
"14.07.2017 12:00 - 14.07.2017 13:00","14313","13774"
"14.07.2017 13:00 - 14.07.2017 14:00","14160","13564"
"14.07.2017 14:00 - 14.07.2017 15:00","13938","13068"
"14.07.2017 15:00 - 14.07.2017 16:00","13747","12645"
"14.07.2017 16:00 - 14.07.2017 17:00","13561","12735"
"14.07.2017 17:00 - 14.07.2017 18:00","13513","12939"
"14.07.2017 18:00 - 14.07.2017 19:00","13341","12665"
"14.07.2017 19:00 - 14.07.2017 20:00","13015","12377"
"14.07.2017 20:00 - 14.07.2017 21:00","12623","11923"
"14.07.2017 21:00 - 14.07.2017 22:00","12336","11632"
"14.07.2017 22:00 - 14.07.2017 23:00","12186","11557"
"14.07.2017 23:00 - 15.07.2017 00:00","11814","11039"
"15.07.2017 00:00 - 15.07.2017 01:00","11235","10544"
"15.07.2017 01:00 - 15.07.2017 02:00","10867","10182"
"15.07.2017 02:00 - 15.07.2017 03:00","10664","9974"
"15.07.2017 03:00 - 15.07.2017 04:00","10533","9937"
"15.07.2017 04:00 - 15.07.2017 05:00","10326","9688"
"15.07.2017 05:00 - 15.07.2017 06:00","10226","9612"
"15.07.2017 06:00 - 15.07.2017 07:00","10392","10024"
"15.07.2017 07:00 - 15.07.2017 08:00","10825","10629"
"15.07.2017 08:00 - 15.07.2017 09:00","11457","11419"
"15.07.2017 09:00 - 15.07.2017 10:00","12057","12029"
"15.07.2017 10:00 - 15.07.2017 11:00","12418","12207"
"15.07.2017 11:00 - 15.07.2017 12:00","12509","12056"
"15.07.2017 12:00 - 15.07.2017 13:00","12488","12078"
"15.07.2017 13:00 - 15.07.2017 14:00","12391","11914"
"15.07.2017 14:00 - 15.07.2017 15:00","12240","11685"
"15.07.2017 15:00 - 15.07.2017 16:00","12119","11623"
"15.07.2017 16:00 - 15.07.2017 17:00","12097","11776"
"15.07.2017 17:00 - 15.07.2017 18:00","12169","12004"
"15.07.2017 18:00 - 15.07.2017 19:00","12146","11890"
"15.07.2017 19:00 - 15.07.2017 20:00","11963","11716"
"15.07.2017 20:00 - 15.07.2017 21:00","11738","11463"
"15.07.2017 21:00 - 15.07.2017 22:00","11615","11307"
"15.07.2017 22:00 - 15.07.2017 23:00","11530","11064"
"15.07.2017 23:00 - 16.07.2017 00:00","11210","10375"
"16.07.2017 00:00 - 16.07.2017 01:00","10661","9757"
"16.07.2017 01:00 - 16.07.2017 02:00","10328","9364"
"16.07.2017 02:00 - 16.07.2017 03:00","10130","9219"
"16.07.2017 03:00 - 16.07.2017 04:00","9946","9283"
"16.07.2017 04:00 - 16.07.2017 05:00","9735","8893"
"16.07.2017 05:00 - 16.07.2017 06:00","9606","8641"
"16.07.2017 06:00 - 16.07.2017 07:00","9712","9220"
"16.07.2017 07:00 - 16.07.2017 08:00","10065","9991"
"16.07.2017 08:00 - 16.07.2017 09:00","10631","10386"
"16.07.2017 09:00 - 16.07.2017 10:00","11221","10981"
"16.07.2017 10:00 - 16.07.2017 11:00","11722","11369"
"16.07.2017 11:00 - 16.07.2017 12:00","12019","11743"
"16.07.2017 12:00 - 16.07.2017 13:00","12143","11771"
"16.07.2017 13:00 - 16.07.2017 14:00","12159","11698"
"16.07.2017 14:00 - 16.07.2017 15:00","12118","11798"
"16.07.2017 15:00 - 16.07.2017 16:00","12092","11834"
"16.07.2017 16:00 - 16.07.2017 17:00","12175","11984"
"16.07.2017 17:00 - 16.07.2017 18:00","12285","12365"
"16.07.2017 18:00 - 16.07.2017 19:00","12337","12295"
"16.07.2017 19:00 - 16.07.2017 20:00","12294","11979"
"16.07.2017 20:00 - 16.07.2017 21:00","12164","11633"
"16.07.2017 21:00 - 16.07.2017 22:00","11979","11477"
"16.07.2017 22:00 - 16.07.2017 23:00","11833","11207"
"16.07.2017 23:00 - 17.07.2017 00:00","11398","10877"
"17.07.2017 00:00 - 17.07.2017 01:00","10813","10185"
"17.07.2017 01:00 - 17.07.2017 02:00","10475","10097"
"17.07.2017 02:00 - 17.07.2017 03:00","10272","9985"
"17.07.2017 03:00 - 17.07.2017 04:00","10175","9847"
"17.07.2017 04:00 - 17.07.2017 05:00","10085","9569"
"17.07.2017 05:00 - 17.07.2017 06:00","10292","9919"
"17.07.2017 06:00 - 17.07.2017 07:00","11245","10891"
"17.07.2017 07:00 - 17.07.2017 08:00","12490","11972"
"17.07.2017 08:00 - 17.07.2017 09:00","13416","12688"
"17.07.2017 09:00 - 17.07.2017 10:00","13897","12958"
"17.07.2017 10:00 - 17.07.2017 11:00","14180","13056"
"17.07.2017 11:00 - 17.07.2017 12:00","14234","13072"
"17.07.2017 12:00 - 17.07.2017 13:00","14239","12970"
"17.07.2017 13:00 - 17.07.2017 14:00","14158","13023"
"17.07.2017 14:00 - 17.07.2017 15:00","14086","13061"
"17.07.2017 15:00 - 17.07.2017 16:00","13972","12943"
"17.07.2017 16:00 - 17.07.2017 17:00","13778","12966"
"17.07.2017 17:00 - 17.07.2017 18:00","13710","13000"
"17.07.2017 18:00 - 17.07.2017 19:00","13558","12897"
"17.07.2017 19:00 - 17.07.2017 20:00","13301","12465"
"17.07.2017 20:00 - 17.07.2017 21:00","12996","12155"
"17.07.2017 21:00 - 17.07.2017 22:00","12728","11725"
"17.07.2017 22:00 - 17.07.2017 23:00","12463","11318"
"17.07.2017 23:00 - 18.07.2017 00:00","11899","10675"
"18.07.2017 00:00 - 18.07.2017 01:00","10958","10270"
"18.07.2017 01:00 - 18.07.2017 02:00","10555","9865"
"18.07.2017 02:00 - 18.07.2017 03:00","10349","9732"
"18.07.2017 03:00 - 18.07.2017 04:00","10233","9569"
"18.07.2017 04:00 - 18.07.2017 05:00","10104","9387"
"18.07.2017 05:00 - 18.07.2017 06:00","10275","9626"
"18.07.2017 06:00 - 18.07.2017 07:00","11175","10787"
"18.07.2017 07:00 - 18.07.2017 08:00","12383","11839"
"18.07.2017 08:00 - 18.07.2017 09:00","13230","12672"
"18.07.2017 09:00 - 18.07.2017 10:00","13681","12951"
"18.07.2017 10:00 - 18.07.2017 11:00","13978","13126"
"18.07.2017 11:00 - 18.07.2017 12:00","14054","13102"
"18.07.2017 12:00 - 18.07.2017 13:00","14049","13111"
"18.07.2017 13:00 - 18.07.2017 14:00","13951","12991"
"18.07.2017 14:00 - 18.07.2017 15:00","13835","12949"
"18.07.2017 15:00 - 18.07.2017 16:00","13691","12783"
"18.07.2017 16:00 - 18.07.2017 17:00","13455","12753"
"18.07.2017 17:00 - 18.07.2017 18:00","13359","12831"
"18.07.2017 18:00 - 18.07.2017 19:00","13175","12751"
"18.07.2017 19:00 - 18.07.2017 20:00","12896","12435"
"18.07.2017 20:00 - 18.07.2017 21:00","12585","12040"
"18.07.2017 21:00 - 18.07.2017 22:00","12340","11742"
"18.07.2017 22:00 - 18.07.2017 23:00","12072","11423"
"18.07.2017 23:00 - 19.07.2017 00:00","11502","10927"
"19.07.2017 00:00 - 19.07.2017 01:00","10767","10382"
"19.07.2017 01:00 - 19.07.2017 02:00","10412","10151"
"19.07.2017 02:00 - 19.07.2017 03:00","10225","10021"
"19.07.2017 03:00 - 19.07.2017 04:00","10127","9965"
"19.07.2017 04:00 - 19.07.2017 05:00","10015","9868"
"19.07.2017 05:00 - 19.07.2017 06:00","10158","10131"
"19.07.2017 06:00 - 19.07.2017 07:00","10926","11049"
"19.07.2017 07:00 - 19.07.2017 08:00","11974","12016"
"19.07.2017 08:00 - 19.07.2017 09:00","12706","12806"
"19.07.2017 09:00 - 19.07.2017 10:00","13097","13125"
"19.07.2017 10:00 - 19.07.2017 11:00","13358","13428"
"19.07.2017 11:00 - 19.07.2017 12:00","13432","13502"
"19.07.2017 12:00 - 19.07.2017 13:00","13409","13380"
"19.07.2017 13:00 - 19.07.2017 14:00","13332","13255"
"19.07.2017 14:00 - 19.07.2017 15:00","13212","13181"
"19.07.2017 15:00 - 19.07.2017 16:00","13095","13223"
"19.07.2017 16:00 - 19.07.2017 17:00","12908","13229"
"19.07.2017 17:00 - 19.07.2017 18:00","12849","13332"
"19.07.2017 18:00 - 19.07.2017 19:00","12698","12866"
"19.07.2017 19:00 - 19.07.2017 20:00","12471","12602"
"19.07.2017 20:00 - 19.07.2017 21:00","12211","12167"
"19.07.2017 21:00 - 19.07.2017 22:00","11999","11885"
"19.07.2017 22:00 - 19.07.2017 23:00","11765","11706"
"19.07.2017 23:00 - 20.07.2017 00:00","11256","11148"
"20.07.2017 00:00 - 20.07.2017 01:00","10474","10240"
"20.07.2017 01:00 - 20.07.2017 02:00","10110","10093"
"20.07.2017 02:00 - 20.07.2017 03:00","9919","9977"
"20.07.2017 03:00 - 20.07.2017 04:00","9815","10018"
"20.07.2017 04:00 - 20.07.2017 05:00","9694","9786"
"20.07.2017 05:00 - 20.07.2017 06:00","9822","9868"
"20.07.2017 06:00 - 20.07.2017 07:00","10599","10643"
"20.07.2017 07:00 - 20.07.2017 08:00","11655","11742"
"20.07.2017 08:00 - 20.07.2017 09:00","12394","12603"
"20.07.2017 09:00 - 20.07.2017 10:00","12799","12969"
"20.07.2017 10:00 - 20.07.2017 11:00","13061","13211"
"20.07.2017 11:00 - 20.07.2017 12:00","13119","13314"
"20.07.2017 12:00 - 20.07.2017 13:00","13105","13184"
"20.07.2017 13:00 - 20.07.2017 14:00","13032","13054"
"20.07.2017 14:00 - 20.07.2017 15:00","12931","13026"
"20.07.2017 15:00 - 20.07.2017 16:00","12824","12934"
"20.07.2017 16:00 - 20.07.2017 17:00","12638","12853"
"20.07.2017 17:00 - 20.07.2017 18:00","12594","12878"
"20.07.2017 18:00 - 20.07.2017 19:00","12462","12673"
"20.07.2017 19:00 - 20.07.2017 20:00","12251","12343"
"20.07.2017 20:00 - 20.07.2017 21:00","11999","12004"
"20.07.2017 21:00 - 20.07.2017 22:00","11786","11724"
"20.07.2017 22:00 - 20.07.2017 23:00","11540","11448"
"20.07.2017 23:00 - 21.07.2017 00:00","11017","10720"
"21.07.2017 00:00 - 21.07.2017 01:00","10391","10252"
"21.07.2017 01:00 - 21.07.2017 02:00","10010","9901"
"21.07.2017 02:00 - 21.07.2017 03:00","9811","9937"
"21.07.2017 03:00 - 21.07.2017 04:00","9701","9849"
"21.07.2017 04:00 - 21.07.2017 05:00","9578","9667"
"21.07.2017 05:00 - 21.07.2017 06:00","9718","9714"
"21.07.2017 06:00 - 21.07.2017 07:00","10529","10633"
"21.07.2017 07:00 - 21.07.2017 08:00","11657","12000"
"21.07.2017 08:00 - 21.07.2017 09:00","12468","12746"
"21.07.2017 09:00 - 21.07.2017 10:00","12918","13359"
"21.07.2017 10:00 - 21.07.2017 11:00","13168","13610"
"21.07.2017 11:00 - 21.07.2017 12:00","13212","13567"
"21.07.2017 12:00 - 21.07.2017 13:00","13100","13375"
"21.07.2017 13:00 - 21.07.2017 14:00","12956","13083"
"21.07.2017 14:00 - 21.07.2017 15:00","12750","12973"
"21.07.2017 15:00 - 21.07.2017 16:00","12544","12775"
"21.07.2017 16:00 - 21.07.2017 17:00","12377","12908"
"21.07.2017 17:00 - 21.07.2017 18:00","12342","12841"
"21.07.2017 18:00 - 21.07.2017 19:00","12193","12688"
"21.07.2017 19:00 - 21.07.2017 20:00","11882","12423"
"21.07.2017 20:00 - 21.07.2017 21:00","11518","11792"
"21.07.2017 21:00 - 21.07.2017 22:00","11274","11360"
"21.07.2017 22:00 - 21.07.2017 23:00","11091","11156"
"21.07.2017 23:00 - 22.07.2017 00:00","10718","10658"
"22.07.2017 00:00 - 22.07.2017 01:00","10278","10028"
"22.07.2017 01:00 - 22.07.2017 02:00","9915","9859"
"22.07.2017 02:00 - 22.07.2017 03:00","9708","9778"
"22.07.2017 03:00 - 22.07.2017 04:00","9581","9691"
"22.07.2017 04:00 - 22.07.2017 05:00","9402","9562"
"22.07.2017 05:00 - 22.07.2017 06:00","9289","9455"
"22.07.2017 06:00 - 22.07.2017 07:00","9442","9601"
"22.07.2017 07:00 - 22.07.2017 08:00","9865","10042"
"22.07.2017 08:00 - 22.07.2017 09:00","10492","10843"
"22.07.2017 09:00 - 22.07.2017 10:00","11086","11335"
"22.07.2017 10:00 - 22.07.2017 11:00","11451","11695"
"22.07.2017 11:00 - 22.07.2017 12:00","11552","11738"
"22.07.2017 12:00 - 22.07.2017 13:00","11531","11486"
"22.07.2017 13:00 - 22.07.2017 14:00","11465","11322"
"22.07.2017 14:00 - 22.07.2017 15:00","11334","11255"
"22.07.2017 15:00 - 22.07.2017 16:00","11250","11288"
"22.07.2017 16:00 - 22.07.2017 17:00","11237","11374"
"22.07.2017 17:00 - 22.07.2017 18:00","11311","11780"
"22.07.2017 18:00 - 22.07.2017 19:00","11306","11909"
"22.07.2017 19:00 - 22.07.2017 20:00","11165","11501"
"22.07.2017 20:00 - 22.07.2017 21:00","10989","11268"
"22.07.2017 21:00 - 22.07.2017 22:00","10896","11142"
"22.07.2017 22:00 - 22.07.2017 23:00","10807","11045"
"22.07.2017 23:00 - 23.07.2017 00:00","10482","10551"
"23.07.2017 00:00 - 23.07.2017 01:00","10068","10077"
"23.07.2017 01:00 - 23.07.2017 02:00","9749","9760"
"23.07.2017 02:00 - 23.07.2017 03:00","9554","9485"
"23.07.2017 03:00 - 23.07.2017 04:00","9405","9437"
"23.07.2017 04:00 - 23.07.2017 05:00","9228","9110"
"23.07.2017 05:00 - 23.07.2017 06:00","9080","8874"
"23.07.2017 06:00 - 23.07.2017 07:00","9180","8947"
"23.07.2017 07:00 - 23.07.2017 08:00","9558","9533"
"23.07.2017 08:00 - 23.07.2017 09:00","10130","10012"
"23.07.2017 09:00 - 23.07.2017 10:00","10699","10552"
"23.07.2017 10:00 - 23.07.2017 11:00","11171","10936"
"23.07.2017 11:00 - 23.07.2017 12:00","11457","10989"
"23.07.2017 12:00 - 23.07.2017 13:00","11547","11077"
"23.07.2017 13:00 - 23.07.2017 14:00","11482","11165"
"23.07.2017 14:00 - 23.07.2017 15:00","11417","10991"
"23.07.2017 15:00 - 23.07.2017 16:00","11366","11227"
"23.07.2017 16:00 - 23.07.2017 17:00","11383","11387"
"23.07.2017 17:00 - 23.07.2017 18:00","11466","11693"
"23.07.2017 18:00 - 23.07.2017 19:00","11526","11844"
"23.07.2017 19:00 - 23.07.2017 20:00","11494","11869"
"23.07.2017 20:00 - 23.07.2017 21:00","11377","11652"
"23.07.2017 21:00 - 23.07.2017 22:00","11267","11310"
"23.07.2017 22:00 - 23.07.2017 23:00","11118","11278"
"23.07.2017 23:00 - 24.07.2017 00:00","10664","10883"
"24.07.2017 00:00 - 24.07.2017 01:00","10211","10392"
"24.07.2017 01:00 - 24.07.2017 02:00","9872","10084"
"24.07.2017 02:00 - 24.07.2017 03:00","9701","9804"
"24.07.2017 03:00 - 24.07.2017 04:00","9631","9839"
"24.07.2017 04:00 - 24.07.2017 05:00","9541","9523"
"24.07.2017 05:00 - 24.07.2017 06:00","9719","9670"
"24.07.2017 06:00 - 24.07.2017 07:00","10607","10659"
"24.07.2017 07:00 - 24.07.2017 08:00","11796","11738"
"24.07.2017 08:00 - 24.07.2017 09:00","12692","12699"
"24.07.2017 09:00 - 24.07.2017 10:00","13203","13017"
"24.07.2017 10:00 - 24.07.2017 11:00","13509","13409"
"24.07.2017 11:00 - 24.07.2017 12:00","13598","13499"
"24.07.2017 12:00 - 24.07.2017 13:00","13582","13488"
"24.07.2017 13:00 - 24.07.2017 14:00","13530","13323"
"24.07.2017 14:00 - 24.07.2017 15:00","13405","13089"
"24.07.2017 15:00 - 24.07.2017 16:00","13262","12999"
"24.07.2017 16:00 - 24.07.2017 17:00","13048","12863"
"24.07.2017 17:00 - 24.07.2017 18:00","12987","12848"
"24.07.2017 18:00 - 24.07.2017 19:00","12797","12598"
"24.07.2017 19:00 - 24.07.2017 20:00","12535","12320"
"24.07.2017 20:00 - 24.07.2017 21:00","12238","11957"
"24.07.2017 21:00 - 24.07.2017 22:00","12016","11622"
"24.07.2017 22:00 - 24.07.2017 23:00","11718","11344"
"24.07.2017 23:00 - 25.07.2017 00:00","11137","10529"
"25.07.2017 00:00 - 25.07.2017 01:00","10503","9823"
"25.07.2017 01:00 - 25.07.2017 02:00","10128","9656"
"25.07.2017 02:00 - 25.07.2017 03:00","9930","9295"
"25.07.2017 03:00 - 25.07.2017 04:00","9838","9369"
"25.07.2017 04:00 - 25.07.2017 05:00","9742","9318"
"25.07.2017 05:00 - 25.07.2017 06:00","9872","9395"
"25.07.2017 06:00 - 25.07.2017 07:00","10677","10226"
"25.07.2017 07:00 - 25.07.2017 08:00","11789","11284"
"25.07.2017 08:00 - 25.07.2017 09:00","12587","12247"
"25.07.2017 09:00 - 25.07.2017 10:00","13055","12753"
"25.07.2017 10:00 - 25.07.2017 11:00","13358","13022"
"25.07.2017 11:00 - 25.07.2017 12:00","13449","13096"
"25.07.2017 12:00 - 25.07.2017 13:00","13479","13132"
"25.07.2017 13:00 - 25.07.2017 14:00","13397","13143"
"25.07.2017 14:00 - 25.07.2017 15:00","13273","13067"
"25.07.2017 15:00 - 25.07.2017 16:00","13147","12963"
"25.07.2017 16:00 - 25.07.2017 17:00","12931","12876"
"25.07.2017 17:00 - 25.07.2017 18:00","12869","12975"
"25.07.2017 18:00 - 25.07.2017 19:00","12686","12787"
"25.07.2017 19:00 - 25.07.2017 20:00","12435","12500"
"25.07.2017 20:00 - 25.07.2017 21:00","12160","12092"
"25.07.2017 21:00 - 25.07.2017 22:00","11958","11727"
"25.07.2017 22:00 - 25.07.2017 23:00","11662","11466"
"25.07.2017 23:00 - 26.07.2017 00:00","11098","10737"
"26.07.2017 00:00 - 26.07.2017 01:00","10523","10224"
"26.07.2017 01:00 - 26.07.2017 02:00","10162","9902"
"26.07.2017 02:00 - 26.07.2017 03:00","9975","9687"
"26.07.2017 03:00 - 26.07.2017 04:00","9887","9724"
"26.07.2017 04:00 - 26.07.2017 05:00","9795","9695"
"26.07.2017 05:00 - 26.07.2017 06:00","9918","9720"
"26.07.2017 06:00 - 26.07.2017 07:00","10686","10498"
"26.07.2017 07:00 - 26.07.2017 08:00","11752","11693"
"26.07.2017 08:00 - 26.07.2017 09:00","12501","12541"
"26.07.2017 09:00 - 26.07.2017 10:00","12922","13055"
"26.07.2017 10:00 - 26.07.2017 11:00","13194","13289"
"26.07.2017 11:00 - 26.07.2017 12:00","13282","13432"
"26.07.2017 12:00 - 26.07.2017 13:00","13282","13508"
"26.07.2017 13:00 - 26.07.2017 14:00","13233","13503"
"26.07.2017 14:00 - 26.07.2017 15:00","13124","13366"
"26.07.2017 15:00 - 26.07.2017 16:00","13002","13091"
"26.07.2017 16:00 - 26.07.2017 17:00","12802","13075"
"26.07.2017 17:00 - 26.07.2017 18:00","12744","13095"
"26.07.2017 18:00 - 26.07.2017 19:00","12583","12736"
"26.07.2017 19:00 - 26.07.2017 20:00","12346","12589"
"26.07.2017 20:00 - 26.07.2017 21:00","12072","12339"
"26.07.2017 21:00 - 26.07.2017 22:00","11878","11988"
"26.07.2017 22:00 - 26.07.2017 23:00","11580","11758"
"26.07.2017 23:00 - 27.07.2017 00:00","11027","11028"
"27.07.2017 00:00 - 27.07.2017 01:00","10422","10270"
"27.07.2017 01:00 - 27.07.2017 02:00","10058","9705"
"27.07.2017 02:00 - 27.07.2017 03:00","9871","9524"
"27.07.2017 03:00 - 27.07.2017 04:00","9782","9601"
"27.07.2017 04:00 - 27.07.2017 05:00","9695","9577"
"27.07.2017 05:00 - 27.07.2017 06:00","9813","9557"
"27.07.2017 06:00 - 27.07.2017 07:00","10582","10200"
"27.07.2017 07:00 - 27.07.2017 08:00","11655","11397"
"27.07.2017 08:00 - 27.07.2017 09:00","12422","12358"
"27.07.2017 09:00 - 27.07.2017 10:00","12865","12897"
"27.07.2017 10:00 - 27.07.2017 11:00","13161","13196"
"27.07.2017 11:00 - 27.07.2017 12:00","13257","13238"
"27.07.2017 12:00 - 27.07.2017 13:00","13285","13230"
"27.07.2017 13:00 - 27.07.2017 14:00","13234","13044"
"27.07.2017 14:00 - 27.07.2017 15:00","13130","12872"
"27.07.2017 15:00 - 27.07.2017 16:00","13026","12652"
"27.07.2017 16:00 - 27.07.2017 17:00","12820","12592"
"27.07.2017 17:00 - 27.07.2017 18:00","12752","12641"
"27.07.2017 18:00 - 27.07.2017 19:00","12577","12532"
"27.07.2017 19:00 - 27.07.2017 20:00","12328","12325"
"27.07.2017 20:00 - 27.07.2017 21:00","12043","11855"
"27.07.2017 21:00 - 27.07.2017 22:00","11839","11765"
"27.07.2017 22:00 - 27.07.2017 23:00","11524","11361"
"27.07.2017 23:00 - 28.07.2017 00:00","10961","10545"
"28.07.2017 00:00 - 28.07.2017 01:00","10287","9952"
"28.07.2017 01:00 - 28.07.2017 02:00","9916","9670"
"28.07.2017 02:00 - 28.07.2017 03:00","9723","9637"
"28.07.2017 03:00 - 28.07.2017 04:00","9636","9541"
"28.07.2017 04:00 - 28.07.2017 05:00","9549","9394"
"28.07.2017 05:00 - 28.07.2017 06:00","9679","9608"
"28.07.2017 06:00 - 28.07.2017 07:00","10487","10384"
"28.07.2017 07:00 - 28.07.2017 08:00","11620","11494"
"28.07.2017 08:00 - 28.07.2017 09:00","12432","12413"
"28.07.2017 09:00 - 28.07.2017 10:00","12898","12939"
"28.07.2017 10:00 - 28.07.2017 11:00","13190","13158"
"28.07.2017 11:00 - 28.07.2017 12:00","13227","13181"
"28.07.2017 12:00 - 28.07.2017 13:00","13072","13172"
"28.07.2017 13:00 - 28.07.2017 14:00","12882","13034"
"28.07.2017 14:00 - 28.07.2017 15:00","12623","12914"
"28.07.2017 15:00 - 28.07.2017 16:00","12392","12701"
"28.07.2017 16:00 - 28.07.2017 17:00","12201","12712"
"28.07.2017 17:00 - 28.07.2017 18:00","12164","12481"
"28.07.2017 18:00 - 28.07.2017 19:00","12006","12352"
"28.07.2017 19:00 - 28.07.2017 20:00","11721","12167"
"28.07.2017 20:00 - 28.07.2017 21:00","11403","11921"
"28.07.2017 21:00 - 28.07.2017 22:00","11215","11715"
"28.07.2017 22:00 - 28.07.2017 23:00","10995","11512"
"28.07.2017 23:00 - 29.07.2017 00:00","10594","10996"
"29.07.2017 00:00 - 29.07.2017 01:00","10113","10167"
"29.07.2017 01:00 - 29.07.2017 02:00","9756","9961"
"29.07.2017 02:00 - 29.07.2017 03:00","9565","9797"
"29.07.2017 03:00 - 29.07.2017 04:00","9449","9743"
"29.07.2017 04:00 - 29.07.2017 05:00","9302","9474"
"29.07.2017 05:00 - 29.07.2017 06:00","9185","9338"
"29.07.2017 06:00 - 29.07.2017 07:00","9325","9501"
"29.07.2017 07:00 - 29.07.2017 08:00","9750","9934"
"29.07.2017 08:00 - 29.07.2017 09:00","10384","10620"
"29.07.2017 09:00 - 29.07.2017 10:00","11029","11026"
"29.07.2017 10:00 - 29.07.2017 11:00","11433","11439"
"29.07.2017 11:00 - 29.07.2017 12:00","11565","11463"
"29.07.2017 12:00 - 29.07.2017 13:00","11532","11574"
"29.07.2017 13:00 - 29.07.2017 14:00","11481","11634"
"29.07.2017 14:00 - 29.07.2017 15:00","11378","11795"
"29.07.2017 15:00 - 29.07.2017 16:00","11278","11591"
"29.07.2017 16:00 - 29.07.2017 17:00","11283","11624"
"29.07.2017 17:00 - 29.07.2017 18:00","11378","11750"
"29.07.2017 18:00 - 29.07.2017 19:00","11407","11781"
"29.07.2017 19:00 - 29.07.2017 20:00","11254","11388"
"29.07.2017 20:00 - 29.07.2017 21:00","11035","11262"
"29.07.2017 21:00 - 29.07.2017 22:00","10948","11230"
"29.07.2017 22:00 - 29.07.2017 23:00","10844","10926"
"29.07.2017 23:00 - 30.07.2017 00:00","10446","10304"
"30.07.2017 00:00 - 30.07.2017 01:00","9996","9937"
"30.07.2017 01:00 - 30.07.2017 02:00","9679","9753"
"30.07.2017 02:00 - 30.07.2017 03:00","9477","9749"
"30.07.2017 03:00 - 30.07.2017 04:00","9354","9545"
"30.07.2017 04:00 - 30.07.2017 05:00","9189","9421"
"30.07.2017 05:00 - 30.07.2017 06:00","9034","9216"
"30.07.2017 06:00 - 30.07.2017 07:00","9086","9421"
"30.07.2017 07:00 - 30.07.2017 08:00","9424","9738"
"30.07.2017 08:00 - 30.07.2017 09:00","10184","10368"
"30.07.2017 09:00 - 30.07.2017 10:00","10738","10932"
"30.07.2017 10:00 - 30.07.2017 11:00","11001","11304"
"30.07.2017 11:00 - 30.07.2017 12:00","11264","11582"
"30.07.2017 12:00 - 30.07.2017 13:00","11313","11732"
"30.07.2017 13:00 - 30.07.2017 14:00","11289","11628"
"30.07.2017 14:00 - 30.07.2017 15:00","11258","11690"
"30.07.2017 15:00 - 30.07.2017 16:00","11199","11682"
"30.07.2017 16:00 - 30.07.2017 17:00","11242","11690"
"30.07.2017 17:00 - 30.07.2017 18:00","11357","12035"
"30.07.2017 18:00 - 30.07.2017 19:00","11516","11966"
"30.07.2017 19:00 - 30.07.2017 20:00","11572","12180"
"30.07.2017 20:00 - 30.07.2017 21:00","11460","11999"
"30.07.2017 21:00 - 30.07.2017 22:00","11283","11740"
"30.07.2017 22:00 - 30.07.2017 23:00","10968","11389"
"30.07.2017 23:00 - 31.07.2017 00:00","10469","10852"
"31.07.2017 00:00 - 31.07.2017 01:00","10130","10067"
"31.07.2017 01:00 - 31.07.2017 02:00","9801","9600"
"31.07.2017 02:00 - 31.07.2017 03:00","9629","9583"
"31.07.2017 03:00 - 31.07.2017 04:00","9559","9344"
"31.07.2017 04:00 - 31.07.2017 05:00","9500","9229"
"31.07.2017 05:00 - 31.07.2017 06:00","9661","9402"
"31.07.2017 06:00 - 31.07.2017 07:00","10530","10553"
"31.07.2017 07:00 - 31.07.2017 08:00","11693","11710"
"31.07.2017 08:00 - 31.07.2017 09:00","12830","12563"
"31.07.2017 09:00 - 31.07.2017 10:00","13289","12787"
"31.07.2017 10:00 - 31.07.2017 11:00","13443","13116"
"31.07.2017 11:00 - 31.07.2017 12:00","13252","13074"
"31.07.2017 12:00 - 31.07.2017 13:00","13213","13112"
"31.07.2017 13:00 - 31.07.2017 14:00","13129","13212"
"31.07.2017 14:00 - 31.07.2017 15:00","12995","13214"
"31.07.2017 15:00 - 31.07.2017 16:00","12872","13044"
"31.07.2017 16:00 - 31.07.2017 17:00","12681","12896"
"31.07.2017 17:00 - 31.07.2017 18:00","12643","12845"
"31.07.2017 18:00 - 31.07.2017 19:00","12488","12590"
"31.07.2017 19:00 - 31.07.2017 20:00","12268","12455"
"31.07.2017 20:00 - 31.07.2017 21:00","12050","12059"
"31.07.2017 21:00 - 31.07.2017 22:00","11888","11911"
"31.07.2017 22:00 - 31.07.2017 23:00","11541","11618"
"31.07.2017 23:00 - 01.08.2017 00:00","10941","11007"
"01.08.2017 00:00 - 01.08.2017 01:00","10474","10226"
"01.08.2017 01:00 - 01.08.2017 02:00","10111","9943"
"01.08.2017 02:00 - 01.08.2017 03:00","9924","9860"
"01.08.2017 03:00 - 01.08.2017 04:00","9846","9622"
"01.08.2017 04:00 - 01.08.2017 05:00","9770","9463"
"01.08.2017 05:00 - 01.08.2017 06:00","9899","9482"
"01.08.2017 06:00 - 01.08.2017 07:00","10663","10332"
"01.08.2017 07:00 - 01.08.2017 08:00","11946","11794"
"01.08.2017 08:00 - 01.08.2017 09:00","12695","12320"
"01.08.2017 09:00 - 01.08.2017 10:00","13123","12777"
"01.08.2017 10:00 - 01.08.2017 11:00","13206","13043"
"01.08.2017 11:00 - 01.08.2017 12:00","13299","13082"
"01.08.2017 12:00 - 01.08.2017 13:00","13303","13150"
"01.08.2017 13:00 - 01.08.2017 14:00","13242","12985"
"01.08.2017 14:00 - 01.08.2017 15:00","13137","12932"
"01.08.2017 15:00 - 01.08.2017 16:00","12997","12799"
"01.08.2017 16:00 - 01.08.2017 17:00","12796","12600"
"01.08.2017 17:00 - 01.08.2017 18:00","12754","12769"
"01.08.2017 18:00 - 01.08.2017 19:00","12577","12644"
"01.08.2017 19:00 - 01.08.2017 20:00","12329","12425"
"01.08.2017 20:00 - 01.08.2017 21:00","12079","12106"
"01.08.2017 21:00 - 01.08.2017 22:00","11902","11886"
"01.08.2017 22:00 - 01.08.2017 23:00","11566","11384"
"01.08.2017 23:00 - 02.08.2017 00:00","10954","10761"
"02.08.2017 00:00 - 02.08.2017 01:00","10290","10056"
"02.08.2017 01:00 - 02.08.2017 02:00","9926","9870"
"02.08.2017 02:00 - 02.08.2017 03:00","9744","9792"
"02.08.2017 03:00 - 02.08.2017 04:00","9673","9716"
"02.08.2017 04:00 - 02.08.2017 05:00","9595","9438"
"02.08.2017 05:00 - 02.08.2017 06:00","9717","9427"
"02.08.2017 06:00 - 02.08.2017 07:00","10491","10325"
"02.08.2017 07:00 - 02.08.2017 08:00","11590","11669"
"02.08.2017 08:00 - 02.08.2017 09:00","12335","12726"
"02.08.2017 09:00 - 02.08.2017 10:00","12755","13119"
"02.08.2017 10:00 - 02.08.2017 11:00","13027","13367"
"02.08.2017 11:00 - 02.08.2017 12:00","13123","13370"
"02.08.2017 12:00 - 02.08.2017 13:00","13113","13387"
"02.08.2017 13:00 - 02.08.2017 14:00","13053","13264"
"02.08.2017 14:00 - 02.08.2017 15:00","12906","13235"
"02.08.2017 15:00 - 02.08.2017 16:00","12783","12988"
"02.08.2017 16:00 - 02.08.2017 17:00","12578","12872"
"02.08.2017 17:00 - 02.08.2017 18:00","12551","12991"
"02.08.2017 18:00 - 02.08.2017 19:00","12412","12767"
"02.08.2017 19:00 - 02.08.2017 20:00","12201","12501"
"02.08.2017 20:00 - 02.08.2017 21:00","11987","11993"
"02.08.2017 21:00 - 02.08.2017 22:00","11829","11795"
"02.08.2017 22:00 - 02.08.2017 23:00","11484","11283"
"02.08.2017 23:00 - 03.08.2017 00:00","10889","10481"
"03.08.2017 00:00 - 03.08.2017 01:00","10341","9868"
"03.08.2017 01:00 - 03.08.2017 02:00","9981","9635"
"03.08.2017 02:00 - 03.08.2017 03:00","9800","9494"
"03.08.2017 03:00 - 03.08.2017 04:00","9728","9475"
"03.08.2017 04:00 - 03.08.2017 05:00","9668","9442"
"03.08.2017 05:00 - 03.08.2017 06:00","9794","9475"
"03.08.2017 06:00 - 03.08.2017 07:00","10568","10645"
"03.08.2017 07:00 - 03.08.2017 08:00","11840","11822"
"03.08.2017 08:00 - 03.08.2017 09:00","12460","12757"
"03.08.2017 09:00 - 03.08.2017 10:00","12842","13114"
"03.08.2017 10:00 - 03.08.2017 11:00","13115","13418"
"03.08.2017 11:00 - 03.08.2017 12:00","13236","13437"
"03.08.2017 12:00 - 03.08.2017 13:00","13304","13110"
"03.08.2017 13:00 - 03.08.2017 14:00","13288","12951"
"03.08.2017 14:00 - 03.08.2017 15:00","13217","12946"
"03.08.2017 15:00 - 03.08.2017 16:00","13151","12895"
"03.08.2017 16:00 - 03.08.2017 17:00","12988","12961"
"03.08.2017 17:00 - 03.08.2017 18:00","12959","12946"
"03.08.2017 18:00 - 03.08.2017 19:00","12794","12645"
"03.08.2017 19:00 - 03.08.2017 20:00","12560","12380"
"03.08.2017 20:00 - 03.08.2017 21:00","12299","12092"
"03.08.2017 21:00 - 03.08.2017 22:00","12113","11794"
"03.08.2017 22:00 - 03.08.2017 23:00","11712","11386"
"03.08.2017 23:00 - 04.08.2017 00:00","11090","10733"
"04.08.2017 00:00 - 04.08.2017 01:00","10367","10089"
"04.08.2017 01:00 - 04.08.2017 02:00","9994","9708"
"04.08.2017 02:00 - 04.08.2017 03:00","9807","9557"
"04.08.2017 03:00 - 04.08.2017 04:00","9732","9616"
"04.08.2017 04:00 - 04.08.2017 05:00","9667","9593"
"04.08.2017 05:00 - 04.08.2017 06:00","9796","9654"
"04.08.2017 06:00 - 04.08.2017 07:00","10607","10572"
"04.08.2017 07:00 - 04.08.2017 08:00","12039","11803"
"04.08.2017 08:00 - 04.08.2017 09:00","12809","12296"
"04.08.2017 09:00 - 04.08.2017 10:00","13237","12673"
"04.08.2017 10:00 - 04.08.2017 11:00","13532","13037"
"04.08.2017 11:00 - 04.08.2017 12:00","13603","12959"
"04.08.2017 12:00 - 04.08.2017 13:00","13502","12957"
"04.08.2017 13:00 - 04.08.2017 14:00","13428","12759"
"04.08.2017 14:00 - 04.08.2017 15:00","13230","12610"
"04.08.2017 15:00 - 04.08.2017 16:00","13013","12420"
"04.08.2017 16:00 - 04.08.2017 17:00","12827","12310"
"04.08.2017 17:00 - 04.08.2017 18:00","12810","12599"
"04.08.2017 18:00 - 04.08.2017 19:00","12652","12342"
"04.08.2017 19:00 - 04.08.2017 20:00","12343","11760"
"04.08.2017 20:00 - 04.08.2017 21:00","12051","11228"
"04.08.2017 21:00 - 04.08.2017 22:00","11891","11100"
"04.08.2017 22:00 - 04.08.2017 23:00","11489","10831"
"04.08.2017 23:00 - 05.08.2017 00:00","11083","10346"
"05.08.2017 00:00 - 05.08.2017 01:00","10314","10119"
"05.08.2017 01:00 - 05.08.2017 02:00","9928","10050"
"05.08.2017 02:00 - 05.08.2017 03:00","9736","9811"
"05.08.2017 03:00 - 05.08.2017 04:00","9626","9602"
"05.08.2017 04:00 - 05.08.2017 05:00","9510","9583"
"05.08.2017 05:00 - 05.08.2017 06:00","9390","9448"
"05.08.2017 06:00 - 05.08.2017 07:00","9635","9928"
"05.08.2017 07:00 - 05.08.2017 08:00","10188","10425"
"05.08.2017 08:00 - 05.08.2017 09:00","10931","11041"
"05.08.2017 09:00 - 05.08.2017 10:00","11598","11509"
"05.08.2017 10:00 - 05.08.2017 11:00","11999","11660"
"05.08.2017 11:00 - 05.08.2017 12:00","12141","11688"
"05.08.2017 12:00 - 05.08.2017 13:00","11911","11778"
"05.08.2017 13:00 - 05.08.2017 14:00","11826","11883"
"05.08.2017 14:00 - 05.08.2017 15:00","11666","11799"
"05.08.2017 15:00 - 05.08.2017 16:00","11574","11669"
"05.08.2017 16:00 - 05.08.2017 17:00","11568","11694"
"05.08.2017 17:00 - 05.08.2017 18:00","11637","11906"
"05.08.2017 18:00 - 05.08.2017 19:00","11655","11957"
"05.08.2017 19:00 - 05.08.2017 20:00","11534","11789"
"05.08.2017 20:00 - 05.08.2017 21:00","11366","11753"
"05.08.2017 21:00 - 05.08.2017 22:00","11307","11828"
"05.08.2017 22:00 - 05.08.2017 23:00","11149","11489"
"05.08.2017 23:00 - 06.08.2017 00:00","10758","10852"
"06.08.2017 00:00 - 06.08.2017 01:00","10237","10090"
"06.08.2017 01:00 - 06.08.2017 02:00","9916","9837"
"06.08.2017 02:00 - 06.08.2017 03:00","9711","9696"
"06.08.2017 03:00 - 06.08.2017 04:00","9597","9749"
"06.08.2017 04:00 - 06.08.2017 05:00","9483","9562"
"06.08.2017 05:00 - 06.08.2017 06:00","9330","9351"
"06.08.2017 06:00 - 06.08.2017 07:00","9398","9467"
"06.08.2017 07:00 - 06.08.2017 08:00","9777","9971"
"06.08.2017 08:00 - 06.08.2017 09:00","10380","10598"
"06.08.2017 09:00 - 06.08.2017 10:00","10978","10839"
"06.08.2017 10:00 - 06.08.2017 11:00","11460","11297"
"06.08.2017 11:00 - 06.08.2017 12:00","11751","11812"
"06.08.2017 12:00 - 06.08.2017 13:00","11825","11944"
"06.08.2017 13:00 - 06.08.2017 14:00","11806","11928"
"06.08.2017 14:00 - 06.08.2017 15:00","11719","11730"
"06.08.2017 15:00 - 06.08.2017 16:00","11659","11631"
"06.08.2017 16:00 - 06.08.2017 17:00","11683","11751"
"06.08.2017 17:00 - 06.08.2017 18:00","11799","11942"
"06.08.2017 18:00 - 06.08.2017 19:00","11885","12007"
"06.08.2017 19:00 - 06.08.2017 20:00","11859","12016"
"06.08.2017 20:00 - 06.08.2017 21:00","11800","11952"
"06.08.2017 21:00 - 06.08.2017 22:00","11750","11931"
"06.08.2017 22:00 - 06.08.2017 23:00","11438","11538"
"06.08.2017 23:00 - 07.08.2017 00:00","10902","10857"
"07.08.2017 00:00 - 07.08.2017 01:00","10550","10331"
"07.08.2017 01:00 - 07.08.2017 02:00","10238","10136"
"07.08.2017 02:00 - 07.08.2017 03:00","10189","9976"
"07.08.2017 03:00 - 07.08.2017 04:00","10158","9839"
"07.08.2017 04:00 - 07.08.2017 05:00","10142","10055"
"07.08.2017 05:00 - 07.08.2017 06:00","10327","10134"
"07.08.2017 06:00 - 07.08.2017 07:00","11182","11661"
"07.08.2017 07:00 - 07.08.2017 08:00","12318","13010"
"07.08.2017 08:00 - 07.08.2017 09:00","13069","13611"
"07.08.2017 09:00 - 07.08.2017 10:00","13473","13730"
"07.08.2017 10:00 - 07.08.2017 11:00","13580","14096"
"07.08.2017 11:00 - 07.08.2017 12:00","13607","14108"
"07.08.2017 12:00 - 07.08.2017 13:00","13565","14013"
"07.08.2017 13:00 - 07.08.2017 14:00","13490","13935"
"07.08.2017 14:00 - 07.08.2017 15:00","13393","13911"
"07.08.2017 15:00 - 07.08.2017 16:00","13301","13626"
"07.08.2017 16:00 - 07.08.2017 17:00","13083","13338"
"07.08.2017 17:00 - 07.08.2017 18:00","13072","13326"
"07.08.2017 18:00 - 07.08.2017 19:00","12910","13339"
"07.08.2017 19:00 - 07.08.2017 20:00","12721","13172"
"07.08.2017 20:00 - 07.08.2017 21:00","12549","12762"
"07.08.2017 21:00 - 07.08.2017 22:00","12395","12616"
"07.08.2017 22:00 - 07.08.2017 23:00","11967","11922"
"07.08.2017 23:00 - 08.08.2017 00:00","11315","11010"
"08.08.2017 00:00 - 08.08.2017 01:00","10459","10304"
"08.08.2017 01:00 - 08.08.2017 02:00","10106","10193"
"08.08.2017 02:00 - 08.08.2017 03:00","9929","10006"
"08.08.2017 03:00 - 08.08.2017 04:00","9860","9962"
"08.08.2017 04:00 - 08.08.2017 05:00","9819","10012"
"08.08.2017 05:00 - 08.08.2017 06:00","9967","10114"
"08.08.2017 06:00 - 08.08.2017 07:00","10859","11560"
"08.08.2017 07:00 - 08.08.2017 08:00","12539","12970"
"08.08.2017 08:00 - 08.08.2017 09:00","13202","13819"
"08.08.2017 09:00 - 08.08.2017 10:00","13552","14268"
"08.08.2017 10:00 - 08.08.2017 11:00","13370","14479"
"08.08.2017 11:00 - 08.08.2017 12:00","13452","14307"
"08.08.2017 12:00 - 08.08.2017 13:00","13451","13919"
"08.08.2017 13:00 - 08.08.2017 14:00","13388","13924"
"08.08.2017 14:00 - 08.08.2017 15:00","13286","13892"
"08.08.2017 15:00 - 08.08.2017 16:00","13184","13856"
"08.08.2017 16:00 - 08.08.2017 17:00","12950","13554"
"08.08.2017 17:00 - 08.08.2017 18:00","12890","13840"
"08.08.2017 18:00 - 08.08.2017 19:00","12735","13237"
"08.08.2017 19:00 - 08.08.2017 20:00","12520","13030"
"08.08.2017 20:00 - 08.08.2017 21:00","12326","12562"
"08.08.2017 21:00 - 08.08.2017 22:00","12155","12439"
"08.08.2017 22:00 - 08.08.2017 23:00","11701","11896"
"08.08.2017 23:00 - 09.08.2017 00:00","11084","11161"
"09.08.2017 00:00 - 09.08.2017 01:00","10400","10197"
"09.08.2017 01:00 - 09.08.2017 02:00","9976","9872"
"09.08.2017 02:00 - 09.08.2017 03:00","9780","9766"
"09.08.2017 03:00 - 09.08.2017 04:00","9705","9815"
"09.08.2017 04:00 - 09.08.2017 05:00","9658","9884"
"09.08.2017 05:00 - 09.08.2017 06:00","9805","10286"
"09.08.2017 06:00 - 09.08.2017 07:00","11003","11794"
"09.08.2017 07:00 - 09.08.2017 08:00","12568","13555"
"09.08.2017 08:00 - 09.08.2017 09:00","13376","14134"
"09.08.2017 09:00 - 09.08.2017 10:00","13833","14469"
"09.08.2017 10:00 - 09.08.2017 11:00","14087","14924"
"09.08.2017 11:00 - 09.08.2017 12:00","14164","14719"
"09.08.2017 12:00 - 09.08.2017 13:00","14130","14696"
"09.08.2017 13:00 - 09.08.2017 14:00","14121","14584"
"09.08.2017 14:00 - 09.08.2017 15:00","13966","14594"
"09.08.2017 15:00 - 09.08.2017 16:00","13841","14597"
"09.08.2017 16:00 - 09.08.2017 17:00","13526","14116"
"09.08.2017 17:00 - 09.08.2017 18:00","13406","13998"
"09.08.2017 18:00 - 09.08.2017 19:00","13137","13570"
"09.08.2017 19:00 - 09.08.2017 20:00","12842","13249"
"09.08.2017 20:00 - 09.08.2017 21:00","12625","13032"
"09.08.2017 21:00 - 09.08.2017 22:00","12405","12867"
"09.08.2017 22:00 - 09.08.2017 23:00","11768","12017"
"09.08.2017 23:00 - 10.08.2017 00:00","11088","11203"
"10.08.2017 00:00 - 10.08.2017 01:00","10594","10592"
"10.08.2017 01:00 - 10.08.2017 02:00","10113","10358"
"10.08.2017 02:00 - 10.08.2017 03:00","9909","10115"
"10.08.2017 03:00 - 10.08.2017 04:00","9844","10174"
"10.08.2017 04:00 - 10.08.2017 05:00","9909","10184"
"10.08.2017 05:00 - 10.08.2017 06:00","10163","10338"
"10.08.2017 06:00 - 10.08.2017 07:00","11501","11643"
"10.08.2017 07:00 - 10.08.2017 08:00","12808","13365"
"10.08.2017 08:00 - 10.08.2017 09:00","13629","14127"
"10.08.2017 09:00 - 10.08.2017 10:00","13983","14372"
"10.08.2017 10:00 - 10.08.2017 11:00","14034","14872"
"10.08.2017 11:00 - 10.08.2017 12:00","13998","14925"
"10.08.2017 12:00 - 10.08.2017 13:00","14044","14850"
"10.08.2017 13:00 - 10.08.2017 14:00","13996","14786"
"10.08.2017 14:00 - 10.08.2017 15:00","13843","14564"
"10.08.2017 15:00 - 10.08.2017 16:00","13731","14421"
"10.08.2017 16:00 - 10.08.2017 17:00","13425","14162"
"10.08.2017 17:00 - 10.08.2017 18:00","13355","14043"
"10.08.2017 18:00 - 10.08.2017 19:00","13149","13825"
"10.08.2017 19:00 - 10.08.2017 20:00","12905","13524"
"10.08.2017 20:00 - 10.08.2017 21:00","12734","13263"
"10.08.2017 21:00 - 10.08.2017 22:00","12537","13297"
"10.08.2017 22:00 - 10.08.2017 23:00","12011","12471"
"10.08.2017 23:00 - 11.08.2017 00:00","11288","11372"
"11.08.2017 00:00 - 11.08.2017 01:00","10829","10586"
"11.08.2017 01:00 - 11.08.2017 02:00","10386","10328"
"11.08.2017 02:00 - 11.08.2017 03:00","10191","10084"
"11.08.2017 03:00 - 11.08.2017 04:00","10132","10151"
"11.08.2017 04:00 - 11.08.2017 05:00","10320","10262"
"11.08.2017 05:00 - 11.08.2017 06:00","10616","10435"
"11.08.2017 06:00 - 11.08.2017 07:00","11815","11670"
"11.08.2017 07:00 - 11.08.2017 08:00","13548","13322"
"11.08.2017 08:00 - 11.08.2017 09:00","14358","14078"
"11.08.2017 09:00 - 11.08.2017 10:00","14733","14233"
"11.08.2017 10:00 - 11.08.2017 11:00","14882","14506"
"11.08.2017 11:00 - 11.08.2017 12:00","14779","14620"
"11.08.2017 12:00 - 11.08.2017 13:00","14187","14398"
"11.08.2017 13:00 - 11.08.2017 14:00","13983","14058"
"11.08.2017 14:00 - 11.08.2017 15:00","13667","13732"
"11.08.2017 15:00 - 11.08.2017 16:00","13492","13557"
"11.08.2017 16:00 - 11.08.2017 17:00","13251","13158"
"11.08.2017 17:00 - 11.08.2017 18:00","13232","13051"
"11.08.2017 18:00 - 11.08.2017 19:00","13051","12668"
"11.08.2017 19:00 - 11.08.2017 20:00","12782","12319"
"11.08.2017 20:00 - 11.08.2017 21:00","12529","12038"
"11.08.2017 21:00 - 11.08.2017 22:00","12365","11903"
"11.08.2017 22:00 - 11.08.2017 23:00","11757","11584"
"11.08.2017 23:00 - 12.08.2017 00:00","11252","10946"
"12.08.2017 00:00 - 12.08.2017 01:00","10623","10273"
"12.08.2017 01:00 - 12.08.2017 02:00","10077","9883"
"12.08.2017 02:00 - 12.08.2017 03:00","9838","9809"
"12.08.2017 03:00 - 12.08.2017 04:00","9721","9621"
"12.08.2017 04:00 - 12.08.2017 05:00","9602","9668"
"12.08.2017 05:00 - 12.08.2017 06:00","9476","9553"
"12.08.2017 06:00 - 12.08.2017 07:00","9696","9802"
"12.08.2017 07:00 - 12.08.2017 08:00","10285","10557"
"12.08.2017 08:00 - 12.08.2017 09:00","11136","11693"
"12.08.2017 09:00 - 12.08.2017 10:00","11978","12410"
"12.08.2017 10:00 - 12.08.2017 11:00","12489","12633"
"12.08.2017 11:00 - 12.08.2017 12:00","12716","12547"
"12.08.2017 12:00 - 12.08.2017 13:00","12744","12455"
"12.08.2017 13:00 - 12.08.2017 14:00","12724","12411"
"12.08.2017 14:00 - 12.08.2017 15:00","12555","12141"
"12.08.2017 15:00 - 12.08.2017 16:00","12488","12011"
"12.08.2017 16:00 - 12.08.2017 17:00","12421","12005"
"12.08.2017 17:00 - 12.08.2017 18:00","12469","12056"
"12.08.2017 18:00 - 12.08.2017 19:00","12407","11878"
"12.08.2017 19:00 - 12.08.2017 20:00","12222","11672"
"12.08.2017 20:00 - 12.08.2017 21:00","12035","11365"
"12.08.2017 21:00 - 12.08.2017 22:00","11940","11228"
"12.08.2017 22:00 - 12.08.2017 23:00","11643","10885"
"12.08.2017 23:00 - 13.08.2017 00:00","11203","10472"
"13.08.2017 00:00 - 13.08.2017 01:00","10532","10156"
"13.08.2017 01:00 - 13.08.2017 02:00","10073","9669"
"13.08.2017 02:00 - 13.08.2017 03:00","9852","9360"
"13.08.2017 03:00 - 13.08.2017 04:00","9729","9052"
"13.08.2017 04:00 - 13.08.2017 05:00","9622","9047"
"13.08.2017 05:00 - 13.08.2017 06:00","9449","8879"
"13.08.2017 06:00 - 13.08.2017 07:00","9494","9092"
"13.08.2017 07:00 - 13.08.2017 08:00","9945","9731"
"13.08.2017 08:00 - 13.08.2017 09:00","10647","10357"
"13.08.2017 09:00 - 13.08.2017 10:00","11366","10823"
"13.08.2017 10:00 - 13.08.2017 11:00","11912","11457"
"13.08.2017 11:00 - 13.08.2017 12:00","12223","11991"
"13.08.2017 12:00 - 13.08.2017 13:00","12319","12164"
"13.08.2017 13:00 - 13.08.2017 14:00","12343","11982"
"13.08.2017 14:00 - 13.08.2017 15:00","12237","11830"
"13.08.2017 15:00 - 13.08.2017 16:00","12142","11910"
"13.08.2017 16:00 - 13.08.2017 17:00","12162","12007"
"13.08.2017 17:00 - 13.08.2017 18:00","12321","12154"
"13.08.2017 18:00 - 13.08.2017 19:00","12459","12500"
"13.08.2017 19:00 - 13.08.2017 20:00","12506","12509"
"13.08.2017 20:00 - 13.08.2017 21:00","12621","12621"
"13.08.2017 21:00 - 13.08.2017 22:00","12592","12934"
"13.08.2017 22:00 - 13.08.2017 23:00","12161","11864"
"13.08.2017 23:00 - 14.08.2017 00:00","11487","11205"
"14.08.2017 00:00 - 14.08.2017 01:00","10778","10817"
"14.08.2017 01:00 - 14.08.2017 02:00","10461","10448"
"14.08.2017 02:00 - 14.08.2017 03:00","10316","10361"
"14.08.2017 03:00 - 14.08.2017 04:00","10312","10441"
"14.08.2017 04:00 - 14.08.2017 05:00","10349","10567"
"14.08.2017 05:00 - 14.08.2017 06:00","10662","11181"
"14.08.2017 06:00 - 14.08.2017 07:00","11765","12698"
"14.08.2017 07:00 - 14.08.2017 08:00","13215","14126"
"14.08.2017 08:00 - 14.08.2017 09:00","14051","14508"
"14.08.2017 09:00 - 14.08.2017 10:00","14431","14620"
"14.08.2017 10:00 - 14.08.2017 11:00","14640","14631"
"14.08.2017 11:00 - 14.08.2017 12:00","14640","14685"
"14.08.2017 12:00 - 14.08.2017 13:00","14543","14792"
"14.08.2017 13:00 - 14.08.2017 14:00","14485","14784"
"14.08.2017 14:00 - 14.08.2017 15:00","14385","14498"
"14.08.2017 15:00 - 14.08.2017 16:00","14330","14502"
"14.08.2017 16:00 - 14.08.2017 17:00","14071","14317"
"14.08.2017 17:00 - 14.08.2017 18:00","14056","14595"
"14.08.2017 18:00 - 14.08.2017 19:00","13861","14166"
"14.08.2017 19:00 - 14.08.2017 20:00","13658","14099"
"14.08.2017 20:00 - 14.08.2017 21:00","13573","14060"
"14.08.2017 21:00 - 14.08.2017 22:00","13371","14008"
"14.08.2017 22:00 - 14.08.2017 23:00","12757","13020"
"14.08.2017 23:00 - 15.08.2017 00:00","11917","12119"
"15.08.2017 00:00 - 15.08.2017 01:00","11075","11134"
"15.08.2017 01:00 - 15.08.2017 02:00","10695","10924"
"15.08.2017 02:00 - 15.08.2017 03:00","10530","10813"
"15.08.2017 03:00 - 15.08.2017 04:00","10484","10906"
"15.08.2017 04:00 - 15.08.2017 05:00","10712","10976"
"15.08.2017 05:00 - 15.08.2017 06:00","11060","11210"
"15.08.2017 06:00 - 15.08.2017 07:00","12374","12475"
"15.08.2017 07:00 - 15.08.2017 08:00","13725","13634"
"15.08.2017 08:00 - 15.08.2017 09:00","14493","14543"
"15.08.2017 09:00 - 15.08.2017 10:00","14767","14880"
"15.08.2017 10:00 - 15.08.2017 11:00","14703","15091"
"15.08.2017 11:00 - 15.08.2017 12:00","14788","14846"
"15.08.2017 12:00 - 15.08.2017 13:00","14747","14861"
"15.08.2017 13:00 - 15.08.2017 14:00","14702","14732"
"15.08.2017 14:00 - 15.08.2017 15:00","14601","14648"
"15.08.2017 15:00 - 15.08.2017 16:00","14468","14593"
"15.08.2017 16:00 - 15.08.2017 17:00","14184","14333"
"15.08.2017 17:00 - 15.08.2017 18:00","14121","14392"
"15.08.2017 18:00 - 15.08.2017 19:00","13912","14478"
"15.08.2017 19:00 - 15.08.2017 20:00","13713","14261"
"15.08.2017 20:00 - 15.08.2017 21:00","13612","13761"
"15.08.2017 21:00 - 15.08.2017 22:00","13365","13477"
"15.08.2017 22:00 - 15.08.2017 23:00","12725","12590"
"15.08.2017 23:00 - 16.08.2017 00:00","11876","11370"
"16.08.2017 00:00 - 16.08.2017 01:00","11223","10661"
"16.08.2017 01:00 - 16.08.2017 02:00","10797","10863"
"16.08.2017 02:00 - 16.08.2017 03:00","10696","10821"
"16.08.2017 03:00 - 16.08.2017 04:00","10731","10896"
"16.08.2017 04:00 - 16.08.2017 05:00","10746","11061"
"16.08.2017 05:00 - 16.08.2017 06:00","10995","11298"
"16.08.2017 06:00 - 16.08.2017 07:00","12205","12644"
"16.08.2017 07:00 - 16.08.2017 08:00","13743","14166"
"16.08.2017 08:00 - 16.08.2017 09:00","14646","15089"
"16.08.2017 09:00 - 16.08.2017 10:00","14988","15154"
"16.08.2017 10:00 - 16.08.2017 11:00","15251","15675"
"16.08.2017 11:00 - 16.08.2017 12:00","15380","15773"
"16.08.2017 12:00 - 16.08.2017 13:00","15362","15822"
"16.08.2017 13:00 - 16.08.2017 14:00","15240","15517"
"16.08.2017 14:00 - 16.08.2017 15:00","15037","15299"
"16.08.2017 15:00 - 16.08.2017 16:00","14836","14706"
"16.08.2017 16:00 - 16.08.2017 17:00","14465","14552"
"16.08.2017 17:00 - 16.08.2017 18:00","14388","14921"
"16.08.2017 18:00 - 16.08.2017 19:00","14166","14801"
"16.08.2017 19:00 - 16.08.2017 20:00","13950","14584"
"16.08.2017 20:00 - 16.08.2017 21:00","13836","14083"
"16.08.2017 21:00 - 16.08.2017 22:00","13634","13948"
"16.08.2017 22:00 - 16.08.2017 23:00","12940","13179"
"16.08.2017 23:00 - 17.08.2017 00:00","12007","12318"
"17.08.2017 00:00 - 17.08.2017 01:00","11232","11241"
"17.08.2017 01:00 - 17.08.2017 02:00","10828","11015"
"17.08.2017 02:00 - 17.08.2017 03:00","10641","10924"
"17.08.2017 03:00 - 17.08.2017 04:00","10584","10968"
"17.08.2017 04:00 - 17.08.2017 05:00","10713","10978"
"17.08.2017 05:00 - 17.08.2017 06:00","11058","11413"
"17.08.2017 06:00 - 17.08.2017 07:00","12182","12536"
"17.08.2017 07:00 - 17.08.2017 08:00","13667","13798"
"17.08.2017 08:00 - 17.08.2017 09:00","14436","14646"
"17.08.2017 09:00 - 17.08.2017 10:00","14675","14786"
"17.08.2017 10:00 - 17.08.2017 11:00","14820","14996"
"17.08.2017 11:00 - 17.08.2017 12:00","14888","14970"
"17.08.2017 12:00 - 17.08.2017 13:00","14846","14961"
"17.08.2017 13:00 - 17.08.2017 14:00","14752","14823"
"17.08.2017 14:00 - 17.08.2017 15:00","14653","14778"
"17.08.2017 15:00 - 17.08.2017 16:00","14559","14777"
"17.08.2017 16:00 - 17.08.2017 17:00","14336","14394"
"17.08.2017 17:00 - 17.08.2017 18:00","14295","14583"
"17.08.2017 18:00 - 17.08.2017 19:00","14129","14294"
"17.08.2017 19:00 - 17.08.2017 20:00","13962","14025"
"17.08.2017 20:00 - 17.08.2017 21:00","13872","13713"
"17.08.2017 21:00 - 17.08.2017 22:00","13672","13440"
"17.08.2017 22:00 - 17.08.2017 23:00","13014","12659"
"17.08.2017 23:00 - 18.08.2017 00:00","12146","11840"
"18.08.2017 00:00 - 18.08.2017 01:00","11241","11126"
"18.08.2017 01:00 - 18.08.2017 02:00","10828","10894"
"18.08.2017 02:00 - 18.08.2017 03:00","10653","10869"
"18.08.2017 03:00 - 18.08.2017 04:00","10606","10871"
"18.08.2017 04:00 - 18.08.2017 05:00","10650","10953"
"18.08.2017 05:00 - 18.08.2017 06:00","11028","11248"
"18.08.2017 06:00 - 18.08.2017 07:00","12352","12541"
"18.08.2017 07:00 - 18.08.2017 08:00","13853","14333"
"18.08.2017 08:00 - 18.08.2017 09:00","14620","15086"
"18.08.2017 09:00 - 18.08.2017 10:00","15002","15346"
"18.08.2017 10:00 - 18.08.2017 11:00","15208","15945"
"18.08.2017 11:00 - 18.08.2017 12:00","15259","15516"
"18.08.2017 12:00 - 18.08.2017 13:00","15125","15608"
"18.08.2017 13:00 - 18.08.2017 14:00","14787","15529"
"18.08.2017 14:00 - 18.08.2017 15:00","14470","15060"
"18.08.2017 15:00 - 18.08.2017 16:00","14196","14521"
"18.08.2017 16:00 - 18.08.2017 17:00","13799","14134"
"18.08.2017 17:00 - 18.08.2017 18:00","13713","14195"
"18.08.2017 18:00 - 18.08.2017 19:00","13482","13923"
"18.08.2017 19:00 - 18.08.2017 20:00","13130","13515"
"18.08.2017 20:00 - 18.08.2017 21:00","12881","13240"
"18.08.2017 21:00 - 18.08.2017 22:00","12688","13145"
"18.08.2017 22:00 - 18.08.2017 23:00","12135","12290"
"18.08.2017 23:00 - 19.08.2017 00:00","11464","11622"
"19.08.2017 00:00 - 19.08.2017 01:00","10945","10623"
"19.08.2017 01:00 - 19.08.2017 02:00","10547","10365"
"19.08.2017 02:00 - 19.08.2017 03:00","10338","10324"
"19.08.2017 03:00 - 19.08.2017 04:00","10209","10144"
"19.08.2017 04:00 - 19.08.2017 05:00","10130","10160"
"19.08.2017 05:00 - 19.08.2017 06:00","10047","10156"
"19.08.2017 06:00 - 19.08.2017 07:00","10162","10354"
"19.08.2017 07:00 - 19.08.2017 08:00","10695","10902"
"19.08.2017 08:00 - 19.08.2017 09:00","11493","11585"
"19.08.2017 09:00 - 19.08.2017 10:00","12269","12245"
"19.08.2017 10:00 - 19.08.2017 11:00","12719","12581"
"19.08.2017 11:00 - 19.08.2017 12:00","12857","12827"
"19.08.2017 12:00 - 19.08.2017 13:00","12819","12667"
"19.08.2017 13:00 - 19.08.2017 14:00","12692","12413"
"19.08.2017 14:00 - 19.08.2017 15:00","12525","11985"
"19.08.2017 15:00 - 19.08.2017 16:00","12410","12059"
"19.08.2017 16:00 - 19.08.2017 17:00","12349","11950"
"19.08.2017 17:00 - 19.08.2017 18:00","12413","12062"
"19.08.2017 18:00 - 19.08.2017 19:00","12386","12281"
"19.08.2017 19:00 - 19.08.2017 20:00","12247","12365"
"19.08.2017 20:00 - 19.08.2017 21:00","12224","12206"
"19.08.2017 21:00 - 19.08.2017 22:00","12167","11993"
"19.08.2017 22:00 - 19.08.2017 23:00","11797","11587"
"19.08.2017 23:00 - 20.08.2017 00:00","11264","10850"
"20.08.2017 00:00 - 20.08.2017 01:00","10841","10710"
"20.08.2017 01:00 - 20.08.2017 02:00","10509","10560"
"20.08.2017 02:00 - 20.08.2017 03:00","10287","10229"
"20.08.2017 03:00 - 20.08.2017 04:00","10173","10144"
"20.08.2017 04:00 - 20.08.2017 05:00","10102","10291"
"20.08.2017 05:00 - 20.08.2017 06:00","9968","10087"
"20.08.2017 06:00 - 20.08.2017 07:00","9973","10219"
"20.08.2017 07:00 - 20.08.2017 08:00","10355","10966"
"20.08.2017 08:00 - 20.08.2017 09:00","10981","11392"
"20.08.2017 09:00 - 20.08.2017 10:00","11670","11561"
"20.08.2017 10:00 - 20.08.2017 11:00","12106","12129"
"20.08.2017 11:00 - 20.08.2017 12:00","12429","12275"
"20.08.2017 12:00 - 20.08.2017 13:00","12557","12656"
"20.08.2017 13:00 - 20.08.2017 14:00","12562","12564"
"20.08.2017 14:00 - 20.08.2017 15:00","12423","12377"
"20.08.2017 15:00 - 20.08.2017 16:00","12399","12526"
"20.08.2017 16:00 - 20.08.2017 17:00","12488","12815"
"20.08.2017 17:00 - 20.08.2017 18:00","12656","12835"
"20.08.2017 18:00 - 20.08.2017 19:00","12768","12997"
"20.08.2017 19:00 - 20.08.2017 20:00","12857","12988"
"20.08.2017 20:00 - 20.08.2017 21:00","12959","13234"
"20.08.2017 21:00 - 20.08.2017 22:00","12873","13154"
"20.08.2017 22:00 - 20.08.2017 23:00","12363","12246"
"20.08.2017 23:00 - 21.08.2017 00:00","11616","11328"
"21.08.2017 00:00 - 21.08.2017 01:00","10820","11041"
"21.08.2017 01:00 - 21.08.2017 02:00","10491","10934"
"21.08.2017 02:00 - 21.08.2017 03:00","10347","10809"
"21.08.2017 03:00 - 21.08.2017 04:00","10342","10864"
"21.08.2017 04:00 - 21.08.2017 05:00","10427","11311"
"21.08.2017 05:00 - 21.08.2017 06:00","10873","11720"
"21.08.2017 06:00 - 21.08.2017 07:00","12204","13492"
"21.08.2017 07:00 - 21.08.2017 08:00","13902","14959"
"21.08.2017 08:00 - 21.08.2017 09:00","14772","15052"
"21.08.2017 09:00 - 21.08.2017 10:00","15131","15280"
"21.08.2017 10:00 - 21.08.2017 11:00","15381","15478"
"21.08.2017 11:00 - 21.08.2017 12:00","15440","15403"
"21.08.2017 12:00 - 21.08.2017 13:00","15395","15189"
"21.08.2017 13:00 - 21.08.2017 14:00","15302","15113"
"21.08.2017 14:00 - 21.08.2017 15:00","15167","14914"
"21.08.2017 15:00 - 21.08.2017 16:00","15092","14852"
"21.08.2017 16:00 - 21.08.2017 17:00","14862","14542"
"21.08.2017 17:00 - 21.08.2017 18:00","14769","14694"
"21.08.2017 18:00 - 21.08.2017 19:00","14496","14308"
"21.08.2017 19:00 - 21.08.2017 20:00","14292","14154"
"21.08.2017 20:00 - 21.08.2017 21:00","14232","14292"
"21.08.2017 21:00 - 21.08.2017 22:00","13944","13774"
"21.08.2017 22:00 - 21.08.2017 23:00","13135","12644"
"21.08.2017 23:00 - 22.08.2017 00:00","12134","11672"
"22.08.2017 00:00 - 22.08.2017 01:00","11903","11178"
"22.08.2017 01:00 - 22.08.2017 02:00","11528","10879"
"22.08.2017 02:00 - 22.08.2017 03:00","11384","10857"
"22.08.2017 03:00 - 22.08.2017 04:00","11345","10662"
"22.08.2017 04:00 - 22.08.2017 05:00","11407","10664"
"22.08.2017 05:00 - 22.08.2017 06:00","11711","11110"
"22.08.2017 06:00 - 22.08.2017 07:00","12806","12719"
"22.08.2017 07:00 - 22.08.2017 08:00","14221","14311"
"22.08.2017 08:00 - 22.08.2017 09:00","14938","14950"
"22.08.2017 09:00 - 22.08.2017 10:00","15245","15102"
"22.08.2017 10:00 - 22.08.2017 11:00","15475","15148"
"22.08.2017 11:00 - 22.08.2017 12:00","15562","15091"
"22.08.2017 12:00 - 22.08.2017 13:00","15491","14856"
"22.08.2017 13:00 - 22.08.2017 14:00","15403","14781"
"22.08.2017 14:00 - 22.08.2017 15:00","15300","14649"
"22.08.2017 15:00 - 22.08.2017 16:00","15219","14504"
"22.08.2017 16:00 - 22.08.2017 17:00","14957","14313"
"22.08.2017 17:00 - 22.08.2017 18:00","14891","14495"
"22.08.2017 18:00 - 22.08.2017 19:00","14670","14376"
"22.08.2017 19:00 - 22.08.2017 20:00","14497","14254"
"22.08.2017 20:00 - 22.08.2017 21:00","14466","14299"
"22.08.2017 21:00 - 22.08.2017 22:00","14204","13967"
"22.08.2017 22:00 - 22.08.2017 23:00","13478","13061"
"22.08.2017 23:00 - 23.08.2017 00:00","12599","12059"
"23.08.2017 00:00 - 23.08.2017 01:00","12018","11451"
"23.08.2017 01:00 - 23.08.2017 02:00","11624","11298"
"23.08.2017 02:00 - 23.08.2017 03:00","11469","10975"
"23.08.2017 03:00 - 23.08.2017 04:00","11428","11000"
"23.08.2017 04:00 - 23.08.2017 05:00","11494","11090"
"23.08.2017 05:00 - 23.08.2017 06:00","11822","11587"
"23.08.2017 06:00 - 23.08.2017 07:00","12983","13094"
"23.08.2017 07:00 - 23.08.2017 08:00","14481","14612"
"23.08.2017 08:00 - 23.08.2017 09:00","15216","15092"
"23.08.2017 09:00 - 23.08.2017 10:00","15502","14956"
"23.08.2017 10:00 - 23.08.2017 11:00","15713","15013"
"23.08.2017 11:00 - 23.08.2017 12:00","15797","15146"
"23.08.2017 12:00 - 23.08.2017 13:00","15752","15139"
"23.08.2017 13:00 - 23.08.2017 14:00","15667","14926"
"23.08.2017 14:00 - 23.08.2017 15:00","15572","14946"
"23.08.2017 15:00 - 23.08.2017 16:00","15481","14942"
"23.08.2017 16:00 - 23.08.2017 17:00","15210","14537"
"23.08.2017 17:00 - 23.08.2017 18:00","15132","14686"
"23.08.2017 18:00 - 23.08.2017 19:00","14930","14424"
"23.08.2017 19:00 - 23.08.2017 20:00","14755","14368"
"23.08.2017 20:00 - 23.08.2017 21:00","14729","14489"
"23.08.2017 21:00 - 23.08.2017 22:00","14453","14082"
"23.08.2017 22:00 - 23.08.2017 23:00","13677","13269"
"23.08.2017 23:00 - 24.08.2017 00:00","12747","12477"
"24.08.2017 00:00 - 24.08.2017 01:00","11608","11730"
"24.08.2017 01:00 - 24.08.2017 02:00","11229","11460"
"24.08.2017 02:00 - 24.08.2017 03:00","11083","11449"
"24.08.2017 03:00 - 24.08.2017 04:00","11049","11489"
"24.08.2017 04:00 - 24.08.2017 05:00","11108","11716"
"24.08.2017 05:00 - 24.08.2017 06:00","11729","12210"
"24.08.2017 06:00 - 24.08.2017 07:00","13047","13483"
"24.08.2017 07:00 - 24.08.2017 08:00","14498","14848"
"24.08.2017 08:00 - 24.08.2017 09:00","15214","15362"
"24.08.2017 09:00 - 24.08.2017 10:00","15496","15571"
"24.08.2017 10:00 - 24.08.2017 11:00","15699","15730"
"24.08.2017 11:00 - 24.08.2017 12:00","15746","15489"
"24.08.2017 12:00 - 24.08.2017 13:00","15194","15453"
"24.08.2017 13:00 - 24.08.2017 14:00","15125","15266"
"24.08.2017 14:00 - 24.08.2017 15:00","15014","15216"
"24.08.2017 15:00 - 24.08.2017 16:00","14955","15188"
"24.08.2017 16:00 - 24.08.2017 17:00","14699","14953"
"24.08.2017 17:00 - 24.08.2017 18:00","14642","15137"
"24.08.2017 18:00 - 24.08.2017 19:00","14442","14786"
"24.08.2017 19:00 - 24.08.2017 20:00","14302","14774"
"24.08.2017 20:00 - 24.08.2017 21:00","14294","15180"
"24.08.2017 21:00 - 24.08.2017 22:00","14011","14491"
"24.08.2017 22:00 - 24.08.2017 23:00","13238","13051"
"24.08.2017 23:00 - 25.08.2017 00:00","12327","12070"
"25.08.2017 00:00 - 25.08.2017 01:00","11846","11413"
"25.08.2017 01:00 - 25.08.2017 02:00","11472","11179"
"25.08.2017 02:00 - 25.08.2017 03:00","11330","11059"
"25.08.2017 03:00 - 25.08.2017 04:00","11293","10996"
"25.08.2017 04:00 - 25.08.2017 05:00","11357","10983"
"25.08.2017 05:00 - 25.08.2017 06:00","11786","11615"
"25.08.2017 06:00 - 25.08.2017 07:00","13109","13058"
"25.08.2017 07:00 - 25.08.2017 08:00","14545","14930"
"25.08.2017 08:00 - 25.08.2017 09:00","15299","15605"
"25.08.2017 09:00 - 25.08.2017 10:00","15611","15598"
"25.08.2017 10:00 - 25.08.2017 11:00","15824","15858"
"25.08.2017 11:00 - 25.08.2017 12:00","15873","15716"
"25.08.2017 12:00 - 25.08.2017 13:00","15412","15426"
"25.08.2017 13:00 - 25.08.2017 14:00","15169","15207"
"25.08.2017 14:00 - 25.08.2017 15:00","14855","14977"
"25.08.2017 15:00 - 25.08.2017 16:00","14536","14507"
"25.08.2017 16:00 - 25.08.2017 17:00","14279","14316"
"25.08.2017 17:00 - 25.08.2017 18:00","14191","14553"
"25.08.2017 18:00 - 25.08.2017 19:00","13956","14532"
"25.08.2017 19:00 - 25.08.2017 20:00","13669","14214"
"25.08.2017 20:00 - 25.08.2017 21:00","13512","13939"
"25.08.2017 21:00 - 25.08.2017 22:00","13269","13586"
"25.08.2017 22:00 - 25.08.2017 23:00","12700","12818"
"25.08.2017 23:00 - 26.08.2017 00:00","12038","12231"
"26.08.2017 00:00 - 26.08.2017 01:00","11431","11421"
"26.08.2017 01:00 - 26.08.2017 02:00","11034","11004"
"26.08.2017 02:00 - 26.08.2017 03:00","10841","10850"
"26.08.2017 03:00 - 26.08.2017 04:00","10752","10726"
"26.08.2017 04:00 - 26.08.2017 05:00","10704","10770"
"26.08.2017 05:00 - 26.08.2017 06:00","10682","10716"
"26.08.2017 06:00 - 26.08.2017 07:00","10789","10900"
"26.08.2017 07:00 - 26.08.2017 08:00","11270","11743"
"26.08.2017 08:00 - 26.08.2017 09:00","11990","12896"
"26.08.2017 09:00 - 26.08.2017 10:00","12688","13312"
"26.08.2017 10:00 - 26.08.2017 11:00","13060","13632"
"26.08.2017 11:00 - 26.08.2017 12:00","13179","13718"
"26.08.2017 12:00 - 26.08.2017 13:00","13154","13379"
"26.08.2017 13:00 - 26.08.2017 14:00","13019","13068"
"26.08.2017 14:00 - 26.08.2017 15:00","12824","12832"
"26.08.2017 15:00 - 26.08.2017 16:00","12682","12875"
"26.08.2017 16:00 - 26.08.2017 17:00","12698","12887"
"26.08.2017 17:00 - 26.08.2017 18:00","12772","13276"
"26.08.2017 18:00 - 26.08.2017 19:00","12775","13181"
"26.08.2017 19:00 - 26.08.2017 20:00","12722","12924"
"26.08.2017 20:00 - 26.08.2017 21:00","12798","12980"
"26.08.2017 21:00 - 26.08.2017 22:00","12662","12681"
"26.08.2017 22:00 - 26.08.2017 23:00","12227","12220"
"26.08.2017 23:00 - 27.08.2017 00:00","11729","11665"
"27.08.2017 00:00 - 27.08.2017 01:00","11313","11179"
"27.08.2017 01:00 - 27.08.2017 02:00","11022","10938"
"27.08.2017 02:00 - 27.08.2017 03:00","10830","10741"
"27.08.2017 03:00 - 27.08.2017 04:00","10715","10788"
"27.08.2017 04:00 - 27.08.2017 05:00","10662","10841"
"27.08.2017 05:00 - 27.08.2017 06:00","10596","10624"
"27.08.2017 06:00 - 27.08.2017 07:00","10586","10668"
"27.08.2017 07:00 - 27.08.2017 08:00","10928","11045"
"27.08.2017 08:00 - 27.08.2017 09:00","11582","11813"
"27.08.2017 09:00 - 27.08.2017 10:00","12235","12479"
"27.08.2017 10:00 - 27.08.2017 11:00","12670","12946"
"27.08.2017 11:00 - 27.08.2017 12:00","12963","12848"
"27.08.2017 12:00 - 27.08.2017 13:00","13062","12919"
"27.08.2017 13:00 - 27.08.2017 14:00","13024","12765"
"27.08.2017 14:00 - 27.08.2017 15:00","12938","12637"
"27.08.2017 15:00 - 27.08.2017 16:00","12852","12618"
"27.08.2017 16:00 - 27.08.2017 17:00","12923","12686"
"27.08.2017 17:00 - 27.08.2017 18:00","13110","12749"
"27.08.2017 18:00 - 27.08.2017 19:00","13203","12969"
"27.08.2017 19:00 - 27.08.2017 20:00","13338","13152"
"27.08.2017 20:00 - 27.08.2017 21:00","13509","13406"
"27.08.2017 21:00 - 27.08.2017 22:00","13341","12931"
"27.08.2017 22:00 - 27.08.2017 23:00","12768","12240"
"27.08.2017 23:00 - 28.08.2017 00:00","12016","11525"
"28.08.2017 00:00 - 28.08.2017 01:00","11490","11080"
"28.08.2017 01:00 - 28.08.2017 02:00","11227","10820"
"28.08.2017 02:00 - 28.08.2017 03:00","11120","11089"
"28.08.2017 03:00 - 28.08.2017 04:00","11133","11146"
"28.08.2017 04:00 - 28.08.2017 05:00","11251","11286"
"28.08.2017 05:00 - 28.08.2017 06:00","11849","11842"
"28.08.2017 06:00 - 28.08.2017 07:00","13154","13505"
"28.08.2017 07:00 - 28.08.2017 08:00","14843","14977"
"28.08.2017 08:00 - 28.08.2017 09:00","15574","15595"
"28.08.2017 09:00 - 28.08.2017 10:00","15772","15624"
"28.08.2017 10:00 - 28.08.2017 11:00","15840","15634"
"28.08.2017 11:00 - 28.08.2017 12:00","15861","15447"
"28.08.2017 12:00 - 28.08.2017 13:00","15714","15393"
"28.08.2017 13:00 - 28.08.2017 14:00","15626","15311"
"28.08.2017 14:00 - 28.08.2017 15:00","15507","15187"
"28.08.2017 15:00 - 28.08.2017 16:00","15404","14911"
"28.08.2017 16:00 - 28.08.2017 17:00","15162","14854"
"28.08.2017 17:00 - 28.08.2017 18:00","15107","14584"
"28.08.2017 18:00 - 28.08.2017 19:00","14874","14555"
"28.08.2017 19:00 - 28.08.2017 20:00","14772","14346"
"28.08.2017 20:00 - 28.08.2017 21:00","14809","14221"
"28.08.2017 21:00 - 28.08.2017 22:00","14466","13659"
"28.08.2017 22:00 - 28.08.2017 23:00","13579","12683"
"28.08.2017 23:00 - 29.08.2017 00:00","12599","11671"
"29.08.2017 00:00 - 29.08.2017 01:00","11814","11157"
"29.08.2017 01:00 - 29.08.2017 02:00","11447","10960"
"29.08.2017 02:00 - 29.08.2017 03:00","11301","10810"
"29.08.2017 03:00 - 29.08.2017 04:00","11265","10897"
"29.08.2017 04:00 - 29.08.2017 05:00","11349","10904"
"29.08.2017 05:00 - 29.08.2017 06:00","11734","11378"
"29.08.2017 06:00 - 29.08.2017 07:00","12938","12577"
"29.08.2017 07:00 - 29.08.2017 08:00","14402","13979"
"29.08.2017 08:00 - 29.08.2017 09:00","15072","14575"
"29.08.2017 09:00 - 29.08.2017 10:00","15304","14772"
"29.08.2017 10:00 - 29.08.2017 11:00","15487","14763"
"29.08.2017 11:00 - 29.08.2017 12:00","15533","15013"
"29.08.2017 12:00 - 29.08.2017 13:00","15494","14894"
"29.08.2017 13:00 - 29.08.2017 14:00","15419","14752"
"29.08.2017 14:00 - 29.08.2017 15:00","15317","14506"
"29.08.2017 15:00 - 29.08.2017 16:00","15249","14429"
"29.08.2017 16:00 - 29.08.2017 17:00","14997","14215"
"29.08.2017 17:00 - 29.08.2017 18:00","14926","14615"
"29.08.2017 18:00 - 29.08.2017 19:00","14677","14591"
"29.08.2017 19:00 - 29.08.2017 20:00","14563","14541"
"29.08.2017 20:00 - 29.08.2017 21:00","14589","14569"
"29.08.2017 21:00 - 29.08.2017 22:00","14232","13816"
"29.08.2017 22:00 - 29.08.2017 23:00","13362","12651"
"29.08.2017 23:00 - 30.08.2017 00:00","12414","11498"
"30.08.2017 00:00 - 30.08.2017 01:00","11657","11068"
"30.08.2017 01:00 - 30.08.2017 02:00","11278","10842"
"30.08.2017 02:00 - 30.08.2017 03:00","11129","10643"
"30.08.2017 03:00 - 30.08.2017 04:00","11093","10817"
"30.08.2017 04:00 - 30.08.2017 05:00","11185","10920"
"30.08.2017 05:00 - 30.08.2017 06:00","11587","11436"
"30.08.2017 06:00 - 30.08.2017 07:00","12829","13181"
"30.08.2017 07:00 - 30.08.2017 08:00","14330","14989"
"30.08.2017 08:00 - 30.08.2017 09:00","15002","15225"
"30.08.2017 09:00 - 30.08.2017 10:00","15221","15447"
"30.08.2017 10:00 - 30.08.2017 11:00","15384","15412"
"30.08.2017 11:00 - 30.08.2017 12:00","15435","15565"
"30.08.2017 12:00 - 30.08.2017 13:00","15354","15397"
"30.08.2017 13:00 - 30.08.2017 14:00","15259","15520"
"30.08.2017 14:00 - 30.08.2017 15:00","15145","15377"
"30.08.2017 15:00 - 30.08.2017 16:00","15061","15300"
"30.08.2017 16:00 - 30.08.2017 17:00","14821","15225"
"30.08.2017 17:00 - 30.08.2017 18:00","14779","15143"
"30.08.2017 18:00 - 30.08.2017 19:00","14593","14975"
"30.08.2017 19:00 - 30.08.2017 20:00","14501","14604"
"30.08.2017 20:00 - 30.08.2017 21:00","14541","14387"
"30.08.2017 21:00 - 30.08.2017 22:00","14168","13760"
"30.08.2017 22:00 - 30.08.2017 23:00","13279","12618"
"30.08.2017 23:00 - 31.08.2017 00:00","12314","11833"
"31.08.2017 00:00 - 31.08.2017 01:00","11602","11259"
"31.08.2017 01:00 - 31.08.2017 02:00","11243","11029"
"31.08.2017 02:00 - 31.08.2017 03:00","11102","10985"
"31.08.2017 03:00 - 31.08.2017 04:00","11068","10934"
"31.08.2017 04:00 - 31.08.2017 05:00","11161","11089"
"31.08.2017 05:00 - 31.08.2017 06:00","11553","11719"
"31.08.2017 06:00 - 31.08.2017 07:00","12958","13268"
"31.08.2017 07:00 - 31.08.2017 08:00","14503","14714"
"31.08.2017 08:00 - 31.08.2017 09:00","15174","15452"
"31.08.2017 09:00 - 31.08.2017 10:00","15406","15482"
"31.08.2017 10:00 - 31.08.2017 11:00","15592","15707"
"31.08.2017 11:00 - 31.08.2017 12:00","15365","15698"
"31.08.2017 12:00 - 31.08.2017 13:00","15254","15575"
"31.08.2017 13:00 - 31.08.2017 14:00","15186","15471"
"31.08.2017 14:00 - 31.08.2017 15:00","15091","15145"
"31.08.2017 15:00 - 31.08.2017 16:00","15003","15054"
"31.08.2017 16:00 - 31.08.2017 17:00","14777","14782"
"31.08.2017 17:00 - 31.08.2017 18:00","14719","14847"
"31.08.2017 18:00 - 31.08.2017 19:00","14508","14730"
"31.08.2017 19:00 - 31.08.2017 20:00","14420","14667"
"31.08.2017 20:00 - 31.08.2017 21:00","14430","14736"
"31.08.2017 21:00 - 31.08.2017 22:00","14048","13819"
"31.08.2017 22:00 - 31.08.2017 23:00","13163","12776"
"31.08.2017 23:00 - 01.09.2017 00:00","12220","11914"
"01.09.2017 00:00 - 01.09.2017 01:00","11395","11415"
"01.09.2017 01:00 - 01.09.2017 02:00","11021","11207"
"01.09.2017 02:00 - 01.09.2017 03:00","10875","11051"
"01.09.2017 03:00 - 01.09.2017 04:00","10840","10904"
"01.09.2017 04:00 - 01.09.2017 05:00","10951","11006"
"01.09.2017 05:00 - 01.09.2017 06:00","11383","11499"
"01.09.2017 06:00 - 01.09.2017 07:00","12682","13199"
"01.09.2017 07:00 - 01.09.2017 08:00","14229","14872"
"01.09.2017 08:00 - 01.09.2017 09:00","14985","15576"
"01.09.2017 09:00 - 01.09.2017 10:00","15244","15614"
"01.09.2017 10:00 - 01.09.2017 11:00","15389","15405"
"01.09.2017 11:00 - 01.09.2017 12:00","15369","15298"
"01.09.2017 12:00 - 01.09.2017 13:00","15165","14995"
"01.09.2017 13:00 - 01.09.2017 14:00","14883","14778"
"01.09.2017 14:00 - 01.09.2017 15:00","14585","14318"
"01.09.2017 15:00 - 01.09.2017 16:00","14301","14086"
"01.09.2017 16:00 - 01.09.2017 17:00","14003","13784"
"01.09.2017 17:00 - 01.09.2017 18:00","13957","13670"
"01.09.2017 18:00 - 01.09.2017 19:00","13792","13887"
"01.09.2017 19:00 - 01.09.2017 20:00","13603","13800"
"01.09.2017 20:00 - 01.09.2017 21:00","13499","13787"
"01.09.2017 21:00 - 01.09.2017 22:00","13141","13092"
"01.09.2017 22:00 - 01.09.2017 23:00","12454","12545"
"01.09.2017 23:00 - 02.09.2017 00:00","11704","11539"
"02.09.2017 00:00 - 02.09.2017 01:00","11118","11239"
"02.09.2017 01:00 - 02.09.2017 02:00","10665","10985"
"02.09.2017 02:00 - 02.09.2017 03:00","10464","10829"
"02.09.2017 03:00 - 02.09.2017 04:00","10374","10866"
"02.09.2017 04:00 - 02.09.2017 05:00","10347","10855"
"02.09.2017 05:00 - 02.09.2017 06:00","10388","10920"
"02.09.2017 06:00 - 02.09.2017 07:00","10503","10717"
"02.09.2017 07:00 - 02.09.2017 08:00","11007","11521"
"02.09.2017 08:00 - 02.09.2017 09:00","11836","12601"
"02.09.2017 09:00 - 02.09.2017 10:00","12593","13263"
"02.09.2017 10:00 - 02.09.2017 11:00","12962","13472"
"02.09.2017 11:00 - 02.09.2017 12:00","13062","13402"
"02.09.2017 12:00 - 02.09.2017 13:00","13012","13159"
"02.09.2017 13:00 - 02.09.2017 14:00","12823","12957"
"02.09.2017 14:00 - 02.09.2017 15:00","12622","12813"
"02.09.2017 15:00 - 02.09.2017 16:00","12491","12742"
"02.09.2017 16:00 - 02.09.2017 17:00","12543","12823"
"02.09.2017 17:00 - 02.09.2017 18:00","12669","13175"
"02.09.2017 18:00 - 02.09.2017 19:00","12717","12974"
"02.09.2017 19:00 - 02.09.2017 20:00","12700","13048"
"02.09.2017 20:00 - 02.09.2017 21:00","12777","13398"
"02.09.2017 21:00 - 02.09.2017 22:00","12526","13032"
"02.09.2017 22:00 - 02.09.2017 23:00","11971","12342"
"02.09.2017 23:00 - 03.09.2017 00:00","11403","11665"
"03.09.2017 00:00 - 03.09.2017 01:00","11072","11150"
"03.09.2017 01:00 - 03.09.2017 02:00","10772","10764"
"03.09.2017 02:00 - 03.09.2017 03:00","10585","10485"
"03.09.2017 03:00 - 03.09.2017 04:00","10485","10605"
"03.09.2017 04:00 - 03.09.2017 05:00","10474","10787"
"03.09.2017 05:00 - 03.09.2017 06:00","10470","10841"
"03.09.2017 06:00 - 03.09.2017 07:00","10459","10778"
"03.09.2017 07:00 - 03.09.2017 08:00","10776","11184"
"03.09.2017 08:00 - 03.09.2017 09:00","11432","11927"
"03.09.2017 09:00 - 03.09.2017 10:00","12106","12687"
"03.09.2017 10:00 - 03.09.2017 11:00","12556","13073"
"03.09.2017 11:00 - 03.09.2017 12:00","12836","13169"
"03.09.2017 12:00 - 03.09.2017 13:00","12907","13145"
"03.09.2017 13:00 - 03.09.2017 14:00","12895","13267"
"03.09.2017 14:00 - 03.09.2017 15:00","12815","13085"
"03.09.2017 15:00 - 03.09.2017 16:00","12769","12932"
"03.09.2017 16:00 - 03.09.2017 17:00","12859","12990"
"03.09.2017 17:00 - 03.09.2017 18:00","13056","13299"
"03.09.2017 18:00 - 03.09.2017 19:00","13173","13490"
"03.09.2017 19:00 - 03.09.2017 20:00","13374","13624"
"03.09.2017 20:00 - 03.09.2017 21:00","13549","13784"
"03.09.2017 21:00 - 03.09.2017 22:00","13239","13189"
"03.09.2017 22:00 - 03.09.2017 23:00","12550","12651"
"03.09.2017 23:00 - 04.09.2017 00:00","11795","11682"
"04.09.2017 00:00 - 04.09.2017 01:00","11228","11048"
"04.09.2017 01:00 - 04.09.2017 02:00","10965","10897"
"04.09.2017 02:00 - 04.09.2017 03:00","10870","11080"
"04.09.2017 03:00 - 04.09.2017 04:00","10906","11112"
"04.09.2017 04:00 - 04.09.2017 05:00","11049","11305"
"04.09.2017 05:00 - 04.09.2017 06:00","11601","11894"
"04.09.2017 06:00 - 04.09.2017 07:00","12970","13830"
"04.09.2017 07:00 - 04.09.2017 08:00","14599","15337"
"04.09.2017 08:00 - 04.09.2017 09:00","15324","15922"
"04.09.2017 09:00 - 04.09.2017 10:00","15545","16219"
"04.09.2017 10:00 - 04.09.2017 11:00","15716","16448"
"04.09.2017 11:00 - 04.09.2017 12:00","15723","16364"
"04.09.2017 12:00 - 04.09.2017 13:00","15661","16149"
"04.09.2017 13:00 - 04.09.2017 14:00","15580","15751"
"04.09.2017 14:00 - 04.09.2017 15:00","15468","15682"
"04.09.2017 15:00 - 04.09.2017 16:00","15368","15939"
"04.09.2017 16:00 - 04.09.2017 17:00","15127","15775"
"04.09.2017 17:00 - 04.09.2017 18:00","15079","15832"
"04.09.2017 18:00 - 04.09.2017 19:00","14860","15685"
"04.09.2017 19:00 - 04.09.2017 20:00","14817","15505"
"04.09.2017 20:00 - 04.09.2017 21:00","14827","15075"
"04.09.2017 21:00 - 04.09.2017 22:00","14378","14137"
"04.09.2017 22:00 - 04.09.2017 23:00","13397","13278"
"04.09.2017 23:00 - 05.09.2017 00:00","12379","12295"
"05.09.2017 00:00 - 05.09.2017 01:00","11857","11963"
"05.09.2017 01:00 - 05.09.2017 02:00","11501","11619"
"05.09.2017 02:00 - 05.09.2017 03:00","11361","11462"
"05.09.2017 03:00 - 05.09.2017 04:00","11323","11460"
"05.09.2017 04:00 - 05.09.2017 05:00","11427","11673"
"05.09.2017 05:00 - 05.09.2017 06:00","11889","12353"
"05.09.2017 06:00 - 05.09.2017 07:00","13509","14012"
"05.09.2017 07:00 - 05.09.2017 08:00","15146","15369"
"05.09.2017 08:00 - 05.09.2017 09:00","15807","15680"
"05.09.2017 09:00 - 05.09.2017 10:00","15898","15850"
"05.09.2017 10:00 - 05.09.2017 11:00","16068","15972"
"05.09.2017 11:00 - 05.09.2017 12:00","16101","15820"
"05.09.2017 12:00 - 05.09.2017 13:00","15762","15807"
"05.09.2017 13:00 - 05.09.2017 14:00","15684","15869"
"05.09.2017 14:00 - 05.09.2017 15:00","15580","15771"
"05.09.2017 15:00 - 05.09.2017 16:00","15496","15745"
"05.09.2017 16:00 - 05.09.2017 17:00","15255","15528"
"05.09.2017 17:00 - 05.09.2017 18:00","15221","15586"
"05.09.2017 18:00 - 05.09.2017 19:00","15036","15694"
"05.09.2017 19:00 - 05.09.2017 20:00","15029","15537"
"05.09.2017 20:00 - 05.09.2017 21:00","15049","15269"
"05.09.2017 21:00 - 05.09.2017 22:00","14577","14344"
"05.09.2017 22:00 - 05.09.2017 23:00","13591","13374"
"05.09.2017 23:00 - 06.09.2017 00:00","12585","12312"
"06.09.2017 00:00 - 06.09.2017 01:00","11817","11776"
"06.09.2017 01:00 - 06.09.2017 02:00","11424","11459"
"06.09.2017 02:00 - 06.09.2017 03:00","11269","11196"
"06.09.2017 03:00 - 06.09.2017 04:00","11233","11180"
"06.09.2017 04:00 - 06.09.2017 05:00","11353","11375"
"06.09.2017 05:00 - 06.09.2017 06:00","11879","12249"
"06.09.2017 06:00 - 06.09.2017 07:00","13757","13873"
"06.09.2017 07:00 - 06.09.2017 08:00","15561","15462"
"06.09.2017 08:00 - 06.09.2017 09:00","16277","15733"
"06.09.2017 09:00 - 06.09.2017 10:00","16476","15772"
"06.09.2017 10:00 - 06.09.2017 11:00","16654","15858"
"06.09.2017 11:00 - 06.09.2017 12:00","16580","15903"
"06.09.2017 12:00 - 06.09.2017 13:00","16145","15882"
"06.09.2017 13:00 - 06.09.2017 14:00","16071","15836"
"06.09.2017 14:00 - 06.09.2017 15:00","15947","15743"
"06.09.2017 15:00 - 06.09.2017 16:00","15852","15714"
"06.09.2017 16:00 - 06.09.2017 17:00","15893","15538"
"06.09.2017 17:00 - 06.09.2017 18:00","15987","15788"
"06.09.2017 18:00 - 06.09.2017 19:00","15792","15655"
"06.09.2017 19:00 - 06.09.2017 20:00","15706","15552"
"06.09.2017 20:00 - 06.09.2017 21:00","15416","15302"
"06.09.2017 21:00 - 06.09.2017 22:00","14864","14601"
"06.09.2017 22:00 - 06.09.2017 23:00","13760","13545"
"06.09.2017 23:00 - 07.09.2017 00:00","12650","12708"
"07.09.2017 00:00 - 07.09.2017 01:00","11987","12111"
"07.09.2017 01:00 - 07.09.2017 02:00","11612","11939"
"07.09.2017 02:00 - 07.09.2017 03:00","11460","11904"
"07.09.2017 03:00 - 07.09.2017 04:00","11424","11810"
"07.09.2017 04:00 - 07.09.2017 05:00","11542","12030"
"07.09.2017 05:00 - 07.09.2017 06:00","12064","12734"
"07.09.2017 06:00 - 07.09.2017 07:00","13805","14214"
"07.09.2017 07:00 - 07.09.2017 08:00","15458","15733"
"07.09.2017 08:00 - 07.09.2017 09:00","16166","16192"
"07.09.2017 09:00 - 07.09.2017 10:00","16260","16118"
"07.09.2017 10:00 - 07.09.2017 11:00","16422","16024"
"07.09.2017 11:00 - 07.09.2017 12:00","16441","15843"
"07.09.2017 12:00 - 07.09.2017 13:00","16195","15969"
"07.09.2017 13:00 - 07.09.2017 14:00","16105","15938"
"07.09.2017 14:00 - 07.09.2017 15:00","15985","15663"
"07.09.2017 15:00 - 07.09.2017 16:00","15894","15838"
"07.09.2017 16:00 - 07.09.2017 17:00","15665","15662"
"07.09.2017 17:00 - 07.09.2017 18:00","15938","15781"
"07.09.2017 18:00 - 07.09.2017 19:00","15849","15622"
"07.09.2017 19:00 - 07.09.2017 20:00","15774","15735"
"07.09.2017 20:00 - 07.09.2017 21:00","15482","15698"
"07.09.2017 21:00 - 07.09.2017 22:00","14937","14900"
"07.09.2017 22:00 - 07.09.2017 23:00","13857","13835"
"07.09.2017 23:00 - 08.09.2017 00:00","12780","12852"
"08.09.2017 00:00 - 08.09.2017 01:00","12086","12120"
"08.09.2017 01:00 - 08.09.2017 02:00","11739","11902"
"08.09.2017 02:00 - 08.09.2017 03:00","11598","11685"
"08.09.2017 03:00 - 08.09.2017 04:00","11560","11709"
"08.09.2017 04:00 - 08.09.2017 05:00","11674","11748"
"08.09.2017 05:00 - 08.09.2017 06:00","12175","12571"
"08.09.2017 06:00 - 08.09.2017 07:00","13949","14043"
"08.09.2017 07:00 - 08.09.2017 08:00","15493","15492"
"08.09.2017 08:00 - 08.09.2017 09:00","16194","15789"
"08.09.2017 09:00 - 08.09.2017 10:00","16307","16005"
"08.09.2017 10:00 - 08.09.2017 11:00","16334","16097"
"08.09.2017 11:00 - 08.09.2017 12:00","16307","16244"
"08.09.2017 12:00 - 08.09.2017 13:00","16023","15940"
"08.09.2017 13:00 - 08.09.2017 14:00","15733","15458"
"08.09.2017 14:00 - 08.09.2017 15:00","15452","15286"
"08.09.2017 15:00 - 08.09.2017 16:00","15168","15331"
"08.09.2017 16:00 - 08.09.2017 17:00","15191","15085"
"08.09.2017 17:00 - 08.09.2017 18:00","15164","15168"
"08.09.2017 18:00 - 08.09.2017 19:00","15002","15104"
"08.09.2017 19:00 - 08.09.2017 20:00","14901","15027"
"08.09.2017 20:00 - 08.09.2017 21:00","14538","14652"
"08.09.2017 21:00 - 08.09.2017 22:00","13935","13804"
"08.09.2017 22:00 - 08.09.2017 23:00","13170","13119"
"08.09.2017 23:00 - 09.09.2017 00:00","12408","12566"
"09.09.2017 00:00 - 09.09.2017 01:00","11746","11928"
"09.09.2017 01:00 - 09.09.2017 02:00","11347","11473"
"09.09.2017 02:00 - 09.09.2017 03:00","11139","11387"
"09.09.2017 03:00 - 09.09.2017 04:00","11042","11274"
"09.09.2017 04:00 - 09.09.2017 05:00","11030","11279"
"09.09.2017 05:00 - 09.09.2017 06:00","11105","11234"
"09.09.2017 06:00 - 09.09.2017 07:00","11249","11502"
"09.09.2017 07:00 - 09.09.2017 08:00","11691","12102"
"09.09.2017 08:00 - 09.09.2017 09:00","12794","13201"
"09.09.2017 09:00 - 09.09.2017 10:00","13518","13921"
"09.09.2017 10:00 - 09.09.2017 11:00","13868","14328"
"09.09.2017 11:00 - 09.09.2017 12:00","13967","14426"
"09.09.2017 12:00 - 09.09.2017 13:00","13617","14255"
"09.09.2017 13:00 - 09.09.2017 14:00","13482","14136"
"09.09.2017 14:00 - 09.09.2017 15:00","13282","13813"
"09.09.2017 15:00 - 09.09.2017 16:00","13175","13817"
"09.09.2017 16:00 - 09.09.2017 17:00","13231","13952"
"09.09.2017 17:00 - 09.09.2017 18:00","13361","13720"
"09.09.2017 18:00 - 09.09.2017 19:00","13444","13711"
"09.09.2017 19:00 - 09.09.2017 20:00","13775","13650"
"09.09.2017 20:00 - 09.09.2017 21:00","13782","13585"
"09.09.2017 21:00 - 09.09.2017 22:00","13140","13238"
"09.09.2017 22:00 - 09.09.2017 23:00","12560","12787"
"09.09.2017 23:00 - 10.09.2017 00:00","11979","12065"
"10.09.2017 00:00 - 10.09.2017 01:00","11623","11086"
"10.09.2017 01:00 - 10.09.2017 02:00","11314","10843"
"10.09.2017 02:00 - 10.09.2017 03:00","11119","10596"
"10.09.2017 03:00 - 10.09.2017 04:00","11014","10535"
"10.09.2017 04:00 - 10.09.2017 05:00","11028","10420"
"10.09.2017 05:00 - 10.09.2017 06:00","11074","10617"
"10.09.2017 06:00 - 10.09.2017 07:00","11103","10765"
"10.09.2017 07:00 - 10.09.2017 08:00","11385","11063"
"10.09.2017 08:00 - 10.09.2017 09:00","12028","11733"
"10.09.2017 09:00 - 10.09.2017 10:00","12710","12226"
"10.09.2017 10:00 - 10.09.2017 11:00","13184","12411"
"10.09.2017 11:00 - 10.09.2017 12:00","13458","12548"
"10.09.2017 12:00 - 10.09.2017 13:00","13491","12503"
"10.09.2017 13:00 - 10.09.2017 14:00","13434","12723"
"10.09.2017 14:00 - 10.09.2017 15:00","13347","12544"
"10.09.2017 15:00 - 10.09.2017 16:00","13274","12394"
"10.09.2017 16:00 - 10.09.2017 17:00","13325","12224"
"10.09.2017 17:00 - 10.09.2017 18:00","13542","12850"
"10.09.2017 18:00 - 10.09.2017 19:00","13745","13157"
"10.09.2017 19:00 - 10.09.2017 20:00","14066","13486"
"10.09.2017 20:00 - 10.09.2017 21:00","14224","13330"
"10.09.2017 21:00 - 10.09.2017 22:00","13816","12533"
"10.09.2017 22:00 - 10.09.2017 23:00","13060","11543"
"10.09.2017 23:00 - 11.09.2017 00:00","12334","11118"
"11.09.2017 00:00 - 11.09.2017 01:00","11764","10811"
"11.09.2017 01:00 - 11.09.2017 02:00","11509","10775"
"11.09.2017 02:00 - 11.09.2017 03:00","11418","10813"
"11.09.2017 03:00 - 11.09.2017 04:00","11475","10912"
"11.09.2017 04:00 - 11.09.2017 05:00","11629","11056"
"11.09.2017 05:00 - 11.09.2017 06:00","12223","11737"
"11.09.2017 06:00 - 11.09.2017 07:00","13643","13321"
"11.09.2017 07:00 - 11.09.2017 08:00","15222","14760"
"11.09.2017 08:00 - 11.09.2017 09:00","15880","15269"
"11.09.2017 09:00 - 11.09.2017 10:00","16031","15345"
"11.09.2017 10:00 - 11.09.2017 11:00","16147","15549"
"11.09.2017 11:00 - 11.09.2017 12:00","16101","15482"
"11.09.2017 12:00 - 11.09.2017 13:00","15985","15471"
"11.09.2017 13:00 - 11.09.2017 14:00","15880","15609"
"11.09.2017 14:00 - 11.09.2017 15:00","15762","15365"
"11.09.2017 15:00 - 11.09.2017 16:00","15688","15423"
"11.09.2017 16:00 - 11.09.2017 17:00","15486","15228"
"11.09.2017 17:00 - 11.09.2017 18:00","15486","15294"
"11.09.2017 18:00 - 11.09.2017 19:00","15343","15275"
"11.09.2017 19:00 - 11.09.2017 20:00","15418","15021"
"11.09.2017 20:00 - 11.09.2017 21:00","15416","15102"
"11.09.2017 21:00 - 11.09.2017 22:00","14857","14229"
"11.09.2017 22:00 - 11.09.2017 23:00","13833","13163"
"11.09.2017 23:00 - 12.09.2017 00:00","12837","12157"
"12.09.2017 00:00 - 12.09.2017 01:00","12024","11619"
"12.09.2017 01:00 - 12.09.2017 02:00","11681","11462"
"12.09.2017 02:00 - 12.09.2017 03:00","11538","11240"
"12.09.2017 03:00 - 12.09.2017 04:00","11507","11134"
"12.09.2017 04:00 - 12.09.2017 05:00","11634","11562"
"12.09.2017 05:00 - 12.09.2017 06:00","12178","12195"
"12.09.2017 06:00 - 12.09.2017 07:00","13635","13886"
"12.09.2017 07:00 - 12.09.2017 08:00","15215","15584"
"12.09.2017 08:00 - 12.09.2017 09:00","15843","15944"
"12.09.2017 09:00 - 12.09.2017 10:00","15963","16079"
"12.09.2017 10:00 - 12.09.2017 11:00","16076","16267"
"12.09.2017 11:00 - 12.09.2017 12:00","16063","15910"
"12.09.2017 12:00 - 12.09.2017 13:00","15988","15892"
"12.09.2017 13:00 - 12.09.2017 14:00","15886","15750"
"12.09.2017 14:00 - 12.09.2017 15:00","15758","15686"
"12.09.2017 15:00 - 12.09.2017 16:00","15666","15496"
"12.09.2017 16:00 - 12.09.2017 17:00","15463","15546"
"12.09.2017 17:00 - 12.09.2017 18:00","15475","15671"
"12.09.2017 18:00 - 12.09.2017 19:00","15358","15199"
"12.09.2017 19:00 - 12.09.2017 20:00","15474","15309"
"12.09.2017 20:00 - 12.09.2017 21:00","15456","15359"
"12.09.2017 21:00 - 12.09.2017 22:00","14855","14057"
"12.09.2017 22:00 - 12.09.2017 23:00","13795","13095"
"12.09.2017 23:00 - 13.09.2017 00:00","12767","12365"
"13.09.2017 00:00 - 13.09.2017 01:00","11768","11650"
"13.09.2017 01:00 - 13.09.2017 02:00","11431","11327"
"13.09.2017 02:00 - 13.09.2017 03:00","11292","11163"
"13.09.2017 03:00 - 13.09.2017 04:00","11263","11181"
"13.09.2017 04:00 - 13.09.2017 05:00","11389","11290"
"13.09.2017 05:00 - 13.09.2017 06:00","11934","12038"
"13.09.2017 06:00 - 13.09.2017 07:00","13375","13683"
"13.09.2017 07:00 - 13.09.2017 08:00","14922","15282"
"13.09.2017 08:00 - 13.09.2017 09:00","15528","15642"
"13.09.2017 09:00 - 13.09.2017 10:00","15643","16123"
"13.09.2017 10:00 - 13.09.2017 11:00","15746","16234"
"13.09.2017 11:00 - 13.09.2017 12:00","15726","16176"
"13.09.2017 12:00 - 13.09.2017 13:00","15657","16129"
"13.09.2017 13:00 - 13.09.2017 14:00","15572","15974"
"13.09.2017 14:00 - 13.09.2017 15:00","15474","15905"
"13.09.2017 15:00 - 13.09.2017 16:00","15404","16113"
"13.09.2017 16:00 - 13.09.2017 17:00","15205","16065"
"13.09.2017 17:00 - 13.09.2017 18:00","15222","16110"
"13.09.2017 18:00 - 13.09.2017 19:00","15119","16113"
"13.09.2017 19:00 - 13.09.2017 20:00","15247","16282"
"13.09.2017 20:00 - 13.09.2017 21:00","15214","16068"
"13.09.2017 21:00 - 13.09.2017 22:00","14612","15294"
"13.09.2017 22:00 - 13.09.2017 23:00","13570","14073"
"13.09.2017 23:00 - 14.09.2017 00:00","12566","13099"
"14.09.2017 00:00 - 14.09.2017 01:00","11885","12203"
"14.09.2017 01:00 - 14.09.2017 02:00","11543","11982"
"14.09.2017 02:00 - 14.09.2017 03:00","11396","11916"
"14.09.2017 03:00 - 14.09.2017 04:00","11354","11993"
"14.09.2017 04:00 - 14.09.2017 05:00","11471","12014"
"14.09.2017 05:00 - 14.09.2017 06:00","12024","12740"
"14.09.2017 06:00 - 14.09.2017 07:00","13490","14347"
"14.09.2017 07:00 - 14.09.2017 08:00","15064","15986"
"14.09.2017 08:00 - 14.09.2017 09:00","15716","16630"
"14.09.2017 09:00 - 14.09.2017 10:00","15852","16518"
"14.09.2017 10:00 - 14.09.2017 11:00","15973","16683"
"14.09.2017 11:00 - 14.09.2017 12:00","15982","16569"
"14.09.2017 12:00 - 14.09.2017 13:00","15915","16196"
"14.09.2017 13:00 - 14.09.2017 14:00","15817","16098"
"14.09.2017 14:00 - 14.09.2017 15:00","15701","15983"
"14.09.2017 15:00 - 14.09.2017 16:00","15621","15886"
"14.09.2017 16:00 - 14.09.2017 17:00","15432","15552"
"14.09.2017 17:00 - 14.09.2017 18:00","15445","15461"
"14.09.2017 18:00 - 14.09.2017 19:00","15351","15474"
"14.09.2017 19:00 - 14.09.2017 20:00","15491","15642"
"14.09.2017 20:00 - 14.09.2017 21:00","15440","15637"
"14.09.2017 21:00 - 14.09.2017 22:00","14813","14496"
"14.09.2017 22:00 - 14.09.2017 23:00","13723","13316"
"14.09.2017 23:00 - 15.09.2017 00:00","12693","12652"
"15.09.2017 00:00 - 15.09.2017 01:00","12021","11806"
"15.09.2017 01:00 - 15.09.2017 02:00","11656","11576"
"15.09.2017 02:00 - 15.09.2017 03:00","11506","11479"
"15.09.2017 03:00 - 15.09.2017 04:00","11463","11480"
"15.09.2017 04:00 - 15.09.2017 05:00","11586","11442"
"15.09.2017 05:00 - 15.09.2017 06:00","12168","12123"
"15.09.2017 06:00 - 15.09.2017 07:00","13714","14001"
"15.09.2017 07:00 - 15.09.2017 08:00","15319","15417"
"15.09.2017 08:00 - 15.09.2017 09:00","15979","15994"
"15.09.2017 09:00 - 15.09.2017 10:00","16102","16012"
"15.09.2017 10:00 - 15.09.2017 11:00","16188","16079"
"15.09.2017 11:00 - 15.09.2017 12:00","16095","15703"
"15.09.2017 12:00 - 15.09.2017 13:00","15900","15495"
"15.09.2017 13:00 - 15.09.2017 14:00","15557","15004"
"15.09.2017 14:00 - 15.09.2017 15:00","15229","14771"
"15.09.2017 15:00 - 15.09.2017 16:00","14948","14528"
"15.09.2017 16:00 - 15.09.2017 17:00","14711","14417"
"15.09.2017 17:00 - 15.09.2017 18:00","14721","14705"
"15.09.2017 18:00 - 15.09.2017 19:00","14644","14594"
"15.09.2017 19:00 - 15.09.2017 20:00","14678","14680"
"15.09.2017 20:00 - 15.09.2017 21:00","14495","14499"
"15.09.2017 21:00 - 15.09.2017 22:00","13883","13793"
"15.09.2017 22:00 - 15.09.2017 23:00","13063","12699"
"15.09.2017 23:00 - 16.09.2017 00:00","12277","12077"
"16.09.2017 00:00 - 16.09.2017 01:00","11712","11467"
"16.09.2017 01:00 - 16.09.2017 02:00","11326","11108"
"16.09.2017 02:00 - 16.09.2017 03:00","11099","10845"
"16.09.2017 03:00 - 16.09.2017 04:00","11004","11064"
"16.09.2017 04:00 - 16.09.2017 05:00","11002","11109"
"16.09.2017 05:00 - 16.09.2017 06:00","11127","11533"
"16.09.2017 06:00 - 16.09.2017 07:00","11334","11832"
"16.09.2017 07:00 - 16.09.2017 08:00","11785","12369"
"16.09.2017 08:00 - 16.09.2017 09:00","12619","13076"
"16.09.2017 09:00 - 16.09.2017 10:00","13372","13732"
"16.09.2017 10:00 - 16.09.2017 11:00","13710","13945"
"16.09.2017 11:00 - 16.09.2017 12:00","13782","13864"
"16.09.2017 12:00 - 16.09.2017 13:00","13697","13864"
"16.09.2017 13:00 - 16.09.2017 14:00","13498","13656"
"16.09.2017 14:00 - 16.09.2017 15:00","13289","13436"
"16.09.2017 15:00 - 16.09.2017 16:00","13180","13246"
"16.09.2017 16:00 - 16.09.2017 17:00","13214","13364"
"16.09.2017 17:00 - 16.09.2017 18:00","13395","13626"
"16.09.2017 18:00 - 16.09.2017 19:00","13531","13721"
"16.09.2017 19:00 - 16.09.2017 20:00","13697","14032"
"16.09.2017 20:00 - 16.09.2017 21:00","13664","14036"
"16.09.2017 21:00 - 16.09.2017 22:00","13244","13417"
"16.09.2017 22:00 - 16.09.2017 23:00","12630","12821"
"16.09.2017 23:00 - 17.09.2017 00:00","12029","12213"
"17.09.2017 00:00 - 17.09.2017 01:00","11524","11561"
"17.09.2017 01:00 - 17.09.2017 02:00","11158","11257"
"17.09.2017 02:00 - 17.09.2017 03:00","10976","11064"
"17.09.2017 03:00 - 17.09.2017 04:00","10893","10956"
"17.09.2017 04:00 - 17.09.2017 05:00","10903","10982"
"17.09.2017 05:00 - 17.09.2017 06:00","10976","11101"
"17.09.2017 06:00 - 17.09.2017 07:00","11084","11281"
"17.09.2017 07:00 - 17.09.2017 08:00","11355","11648"
"17.09.2017 08:00 - 17.09.2017 09:00","11986","12495"
"17.09.2017 09:00 - 17.09.2017 10:00","12666","13183"
"17.09.2017 10:00 - 17.09.2017 11:00","13113","13620"
"17.09.2017 11:00 - 17.09.2017 12:00","13342","13619"
"17.09.2017 12:00 - 17.09.2017 13:00","13365","13548"
"17.09.2017 13:00 - 17.09.2017 14:00","13278","13384"
"17.09.2017 14:00 - 17.09.2017 15:00","13201","13278"
"17.09.2017 15:00 - 17.09.2017 16:00","13151","13302"
"17.09.2017 16:00 - 17.09.2017 17:00","13206","13505"
"17.09.2017 17:00 - 17.09.2017 18:00","13442","13702"
"17.09.2017 18:00 - 17.09.2017 19:00","13773","14100"
"17.09.2017 19:00 - 17.09.2017 20:00","14191","14553"
"17.09.2017 20:00 - 17.09.2017 21:00","14271","14520"
"17.09.2017 21:00 - 17.09.2017 22:00","13744","13838"
"17.09.2017 22:00 - 17.09.2017 23:00","12936","12926"
"17.09.2017 23:00 - 18.09.2017 00:00","12162","11949"
"18.09.2017 00:00 - 18.09.2017 01:00","11609","11429"
"18.09.2017 01:00 - 18.09.2017 02:00","11345","11384"
"18.09.2017 02:00 - 18.09.2017 03:00","11264","11499"
"18.09.2017 03:00 - 18.09.2017 04:00","11327","11546"
"18.09.2017 04:00 - 18.09.2017 05:00","11510","11698"
"18.09.2017 05:00 - 18.09.2017 06:00","12176","12293"
"18.09.2017 06:00 - 18.09.2017 07:00","13743","14372"
"18.09.2017 07:00 - 18.09.2017 08:00","15369","16071"
"18.09.2017 08:00 - 18.09.2017 09:00","16019","16504"
"18.09.2017 09:00 - 18.09.2017 10:00","16186","16622"
"18.09.2017 10:00 - 18.09.2017 11:00","16303","16537"
"18.09.2017 11:00 - 18.09.2017 12:00","16280","16424"
"18.09.2017 12:00 - 18.09.2017 13:00","16148","16371"
"18.09.2017 13:00 - 18.09.2017 14:00","16041","16131"
"18.09.2017 14:00 - 18.09.2017 15:00","15926","15877"
"18.09.2017 15:00 - 18.09.2017 16:00","15841","15732"
"18.09.2017 16:00 - 18.09.2017 17:00","15657","15450"
"18.09.2017 17:00 - 18.09.2017 18:00","15704","15651"
"18.09.2017 18:00 - 18.09.2017 19:00","15641","15600"
"18.09.2017 19:00 - 18.09.2017 20:00","15814","15872"
"18.09.2017 20:00 - 18.09.2017 21:00","15731","15520"
"18.09.2017 21:00 - 18.09.2017 22:00","15060","14650"
"18.09.2017 22:00 - 18.09.2017 23:00","13957","13562"
"18.09.2017 23:00 - 19.09.2017 00:00","12921","12432"
"19.09.2017 00:00 - 19.09.2017 01:00","12253","11881"
"19.09.2017 01:00 - 19.09.2017 02:00","11890","11760"
"19.09.2017 02:00 - 19.09.2017 03:00","11753","11577"
"19.09.2017 03:00 - 19.09.2017 04:00","11728","11438"
"19.09.2017 04:00 - 19.09.2017 05:00","11849","11749"
"19.09.2017 05:00 - 19.09.2017 06:00","12442","12497"
"19.09.2017 06:00 - 19.09.2017 07:00","14196","14337"
"19.09.2017 07:00 - 19.09.2017 08:00","15879","15964"
"19.09.2017 08:00 - 19.09.2017 09:00","16308","16378"
"19.09.2017 09:00 - 19.09.2017 10:00","16394","16646"
"19.09.2017 10:00 - 19.09.2017 11:00","16385","16805"
"19.09.2017 11:00 - 19.09.2017 12:00","16374","16584"
"19.09.2017 12:00 - 19.09.2017 13:00","16264","16654"
"19.09.2017 13:00 - 19.09.2017 14:00","16157","16259"
"19.09.2017 14:00 - 19.09.2017 15:00","16059","16146"
"19.09.2017 15:00 - 19.09.2017 16:00","15984","16064"
"19.09.2017 16:00 - 19.09.2017 17:00","15811","16095"
"19.09.2017 17:00 - 19.09.2017 18:00","15868","16266"
"19.09.2017 18:00 - 19.09.2017 19:00","15836","16173"
"19.09.2017 19:00 - 19.09.2017 20:00","16028","16392"
"19.09.2017 20:00 - 19.09.2017 21:00","15918","16200"
"19.09.2017 21:00 - 19.09.2017 22:00","15225","15310"
"19.09.2017 22:00 - 19.09.2017 23:00","14108","14131"
"19.09.2017 23:00 - 20.09.2017 00:00","13067","13058"
"20.09.2017 00:00 - 20.09.2017 01:00","12367","12342"
"20.09.2017 01:00 - 20.09.2017 02:00","11998","12136"
"20.09.2017 02:00 - 20.09.2017 03:00","11855","12118"
"20.09.2017 03:00 - 20.09.2017 04:00","11829","12167"
"20.09.2017 04:00 - 20.09.2017 05:00","11956","12297"
"20.09.2017 05:00 - 20.09.2017 06:00","12575","13024"
"20.09.2017 06:00 - 20.09.2017 07:00","14194","14905"
"20.09.2017 07:00 - 20.09.2017 08:00","15823","16215"
"20.09.2017 08:00 - 20.09.2017 09:00","16454","16622"
"20.09.2017 09:00 - 20.09.2017 10:00","16530","16608"
"20.09.2017 10:00 - 20.09.2017 11:00","16611","16666"
"20.09.2017 11:00 - 20.09.2017 12:00","16594","16557"
"20.09.2017 12:00 - 20.09.2017 13:00","16462","16355"
"20.09.2017 13:00 - 20.09.2017 14:00","16342","16350"
"20.09.2017 14:00 - 20.09.2017 15:00","16232","16327"
"20.09.2017 15:00 - 20.09.2017 16:00","16150","16034"
"20.09.2017 16:00 - 20.09.2017 17:00","15960","16065"
"20.09.2017 17:00 - 20.09.2017 18:00","16010","16121"
"20.09.2017 18:00 - 20.09.2017 19:00","15991","16384"
"20.09.2017 19:00 - 20.09.2017 20:00","16194","16622"
"20.09.2017 20:00 - 20.09.2017 21:00","16065","16273"
"20.09.2017 21:00 - 20.09.2017 22:00","15353","15338"
"20.09.2017 22:00 - 20.09.2017 23:00","14204","14326"
"20.09.2017 23:00 - 21.09.2017 00:00","13134","13358"
"21.09.2017 00:00 - 21.09.2017 01:00","12512","12858"
"21.09.2017 01:00 - 21.09.2017 02:00","12142","12624"
"21.09.2017 02:00 - 21.09.2017 03:00","11999","12494"
"21.09.2017 03:00 - 21.09.2017 04:00","11969","12336"
"21.09.2017 04:00 - 21.09.2017 05:00","12082","12359"
"21.09.2017 05:00 - 21.09.2017 06:00","12663","13135"
"21.09.2017 06:00 - 21.09.2017 07:00","14217","15165"
"21.09.2017 07:00 - 21.09.2017 08:00","15786","16499"
"21.09.2017 08:00 - 21.09.2017 09:00","16412","16891"
"21.09.2017 09:00 - 21.09.2017 10:00","16486","16918"
"21.09.2017 10:00 - 21.09.2017 11:00","16558","17022"
"21.09.2017 11:00 - 21.09.2017 12:00","16521","16987"
"21.09.2017 12:00 - 21.09.2017 13:00","16394","16771"
"21.09.2017 13:00 - 21.09.2017 14:00","16279","16488"
"21.09.2017 14:00 - 21.09.2017 15:00","16152","16354"
"21.09.2017 15:00 - 21.09.2017 16:00","16059","16254"
"21.09.2017 16:00 - 21.09.2017 17:00","15877","16127"
"21.09.2017 17:00 - 21.09.2017 18:00","15933","16320"
"21.09.2017 18:00 - 21.09.2017 19:00","15939","16086"
"21.09.2017 19:00 - 21.09.2017 20:00","16127","16427"
"21.09.2017 20:00 - 21.09.2017 21:00","15994","16138"
"21.09.2017 21:00 - 21.09.2017 22:00","15302","15039"
"21.09.2017 22:00 - 21.09.2017 23:00","14195","13967"
"21.09.2017 23:00 - 22.09.2017 00:00","13155","13080"
"22.09.2017 00:00 - 22.09.2017 01:00","12546","12416"
"22.09.2017 01:00 - 22.09.2017 02:00","12192","12054"
"22.09.2017 02:00 - 22.09.2017 03:00","12046","11904"
"22.09.2017 03:00 - 22.09.2017 04:00","12018","11882"
"22.09.2017 04:00 - 22.09.2017 05:00","12138","12131"
"22.09.2017 05:00 - 22.09.2017 06:00","12711","12642"
"22.09.2017 06:00 - 22.09.2017 07:00","14517","14588"
"22.09.2017 07:00 - 22.09.2017 08:00","16001","15766"
"22.09.2017 08:00 - 22.09.2017 09:00","16470","16213"
"22.09.2017 09:00 - 22.09.2017 10:00","16426","16475"
"22.09.2017 10:00 - 22.09.2017 11:00","16442","16572"
"22.09.2017 11:00 - 22.09.2017 12:00","16327","16483"
"22.09.2017 12:00 - 22.09.2017 13:00","16086","16411"
"22.09.2017 13:00 - 22.09.2017 14:00","15768","16037"
"22.09.2017 14:00 - 22.09.2017 15:00","15435","15723"
"22.09.2017 15:00 - 22.09.2017 16:00","15188","15773"
"22.09.2017 16:00 - 22.09.2017 17:00","14995","15774"
"22.09.2017 17:00 - 22.09.2017 18:00","15063","16099"
"22.09.2017 18:00 - 22.09.2017 19:00","15003","15854"
"22.09.2017 19:00 - 22.09.2017 20:00","15069","15805"
"22.09.2017 20:00 - 22.09.2017 21:00","14766","14998"
"22.09.2017 21:00 - 22.09.2017 22:00","14140","14227"
"22.09.2017 22:00 - 22.09.2017 23:00","13368","13457"
"22.09.2017 23:00 - 23.09.2017 00:00","12609","12646"
"23.09.2017 00:00 - 23.09.2017 01:00","12084","12129"
"23.09.2017 01:00 - 23.09.2017 02:00","11704","11693"
"23.09.2017 02:00 - 23.09.2017 03:00","11483","11508"
"23.09.2017 03:00 - 23.09.2017 04:00","11378","11407"
"23.09.2017 04:00 - 23.09.2017 05:00","11374","11365"
"23.09.2017 05:00 - 23.09.2017 06:00","11504","11468"
"23.09.2017 06:00 - 23.09.2017 07:00","11758","11931"
"23.09.2017 07:00 - 23.09.2017 08:00","12143","12394"
"23.09.2017 08:00 - 23.09.2017 09:00","12877","13329"
"23.09.2017 09:00 - 23.09.2017 10:00","13532","14325"
"23.09.2017 10:00 - 23.09.2017 11:00","13856","14585"
"23.09.2017 11:00 - 23.09.2017 12:00","13905","14735"
"23.09.2017 12:00 - 23.09.2017 13:00","13818","14506"
"23.09.2017 13:00 - 23.09.2017 14:00","13668","14276"
"23.09.2017 14:00 - 23.09.2017 15:00","13486","14116"
"23.09.2017 15:00 - 23.09.2017 16:00","13389","14107"
"23.09.2017 16:00 - 23.09.2017 17:00","13431","14197"
"23.09.2017 17:00 - 23.09.2017 18:00","13660","14589"
"23.09.2017 18:00 - 23.09.2017 19:00","13856","14589"
"23.09.2017 19:00 - 23.09.2017 20:00","14046","14870"
"23.09.2017 20:00 - 23.09.2017 21:00","13901","14206"
"23.09.2017 21:00 - 23.09.2017 22:00","13437","13509"
"23.09.2017 22:00 - 23.09.2017 23:00","12837","12541"
"23.09.2017 23:00 - 24.09.2017 00:00","12268","11912"
"24.09.2017 00:00 - 24.09.2017 01:00","11715","11527"
"24.09.2017 01:00 - 24.09.2017 02:00","11341","11237"
"24.09.2017 02:00 - 24.09.2017 03:00","11154","11028"
"24.09.2017 03:00 - 24.09.2017 04:00","11055","11044"
"24.09.2017 04:00 - 24.09.2017 05:00","11043","11122"
"24.09.2017 05:00 - 24.09.2017 06:00","11130","11300"
"24.09.2017 06:00 - 24.09.2017 07:00","11293","11552"
"24.09.2017 07:00 - 24.09.2017 08:00","11546","11736"
"24.09.2017 08:00 - 24.09.2017 09:00","12152","12628"
"24.09.2017 09:00 - 24.09.2017 10:00","12794","13310"
"24.09.2017 10:00 - 24.09.2017 11:00","13207","13732"
"24.09.2017 11:00 - 24.09.2017 12:00","13407","13897"
"24.09.2017 12:00 - 24.09.2017 13:00","13439","13818"
"24.09.2017 13:00 - 24.09.2017 14:00","13353","13714"
"24.09.2017 14:00 - 24.09.2017 15:00","13247","13473"
"24.09.2017 15:00 - 24.09.2017 16:00","13183","13343"
"24.09.2017 16:00 - 24.09.2017 17:00","13252","13664"
"24.09.2017 17:00 - 24.09.2017 18:00","13518","14371"
"24.09.2017 18:00 - 24.09.2017 19:00","13951","14321"
"24.09.2017 19:00 - 24.09.2017 20:00","14372","14887"
"24.09.2017 20:00 - 24.09.2017 21:00","14329","14381"
"24.09.2017 21:00 - 24.09.2017 22:00","13760","13648"
"24.09.2017 22:00 - 24.09.2017 23:00","12950","12700"
"24.09.2017 23:00 - 25.09.2017 00:00","12188","12091"
"25.09.2017 00:00 - 25.09.2017 01:00","11760","11459"
"25.09.2017 01:00 - 25.09.2017 02:00","11500","11248"
"25.09.2017 02:00 - 25.09.2017 03:00","11428","11268"
"25.09.2017 03:00 - 25.09.2017 04:00","11481","11526"
"25.09.2017 04:00 - 25.09.2017 05:00","11677","11544"
"25.09.2017 05:00 - 25.09.2017 06:00","12349","12363"
"25.09.2017 06:00 - 25.09.2017 07:00","13914","14236"
"25.09.2017 07:00 - 25.09.2017 08:00","15507","15670"
"25.09.2017 08:00 - 25.09.2017 09:00","16122","16342"
"25.09.2017 09:00 - 25.09.2017 10:00","16263","16361"
"25.09.2017 10:00 - 25.09.2017 11:00","16325","16466"
"25.09.2017 11:00 - 25.09.2017 12:00","16283","16245"
"25.09.2017 12:00 - 25.09.2017 13:00","16106","15892"
"25.09.2017 13:00 - 25.09.2017 14:00","15983","15637"
"25.09.2017 14:00 - 25.09.2017 15:00","15842","15516"
"25.09.2017 15:00 - 25.09.2017 16:00","15756","15630"
"25.09.2017 16:00 - 25.09.2017 17:00","15580","15451"
"25.09.2017 17:00 - 25.09.2017 18:00","15679","15589"
"25.09.2017 18:00 - 25.09.2017 19:00","15778","15682"
"25.09.2017 19:00 - 25.09.2017 20:00","15995","15960"
"25.09.2017 20:00 - 25.09.2017 21:00","15812","15537"
"25.09.2017 21:00 - 25.09.2017 22:00","15121","14475"
"25.09.2017 22:00 - 25.09.2017 23:00","14074","13370"
"25.09.2017 23:00 - 26.09.2017 00:00","13096","12555"
"26.09.2017 00:00 - 26.09.2017 01:00","12408","11118"
"26.09.2017 01:00 - 26.09.2017 02:00","12053","11009"
"26.09.2017 02:00 - 26.09.2017 03:00","11909","10910"
"26.09.2017 03:00 - 26.09.2017 04:00","11894","10815"
"26.09.2017 04:00 - 26.09.2017 05:00","12035","10982"
"26.09.2017 05:00 - 26.09.2017 06:00","12700","11559"
"26.09.2017 06:00 - 26.09.2017 07:00","14407","13623"
"26.09.2017 07:00 - 26.09.2017 08:00","16075","15125"
"26.09.2017 08:00 - 26.09.2017 09:00","16667","15497"
"26.09.2017 09:00 - 26.09.2017 10:00","16703","15509"
"26.09.2017 10:00 - 26.09.2017 11:00","16753","15324"
"26.09.2017 11:00 - 26.09.2017 12:00","16688","15306"
"26.09.2017 12:00 - 26.09.2017 13:00","16503","15360"
"26.09.2017 13:00 - 26.09.2017 14:00","16354","15081"
"26.09.2017 14:00 - 26.09.2017 15:00","16215","15055"
"26.09.2017 15:00 - 26.09.2017 16:00","16114","15024"
"26.09.2017 16:00 - 26.09.2017 17:00","15934","14894"
"26.09.2017 17:00 - 26.09.2017 18:00","16058","14975"
"26.09.2017 18:00 - 26.09.2017 19:00","16176","15029"
"26.09.2017 19:00 - 26.09.2017 20:00","16403","15244"
"26.09.2017 20:00 - 26.09.2017 21:00","16174","14793"
"26.09.2017 21:00 - 26.09.2017 22:00","15401","14010"
"26.09.2017 22:00 - 26.09.2017 23:00","14234","12992"
"26.09.2017 23:00 - 27.09.2017 00:00","13145","11941"
"27.09.2017 00:00 - 27.09.2017 01:00","12321","11291"
"27.09.2017 01:00 - 27.09.2017 02:00","11972","11060"
"27.09.2017 02:00 - 27.09.2017 03:00","11833","10817"
"27.09.2017 03:00 - 27.09.2017 04:00","11809","10774"
"27.09.2017 04:00 - 27.09.2017 05:00","11932","10879"
"27.09.2017 05:00 - 27.09.2017 06:00","12530","11560"
"27.09.2017 06:00 - 27.09.2017 07:00","14074","13790"
"27.09.2017 07:00 - 27.09.2017 08:00","15566","15168"
"27.09.2017 08:00 - 27.09.2017 09:00","16106","15682"
"27.09.2017 09:00 - 27.09.2017 10:00","16155","15638"
"27.09.2017 10:00 - 27.09.2017 11:00","16196","15690"
"27.09.2017 11:00 - 27.09.2017 12:00","16131","15304"
"27.09.2017 12:00 - 27.09.2017 13:00","15985","15113"
"27.09.2017 13:00 - 27.09.2017 14:00","15850","15342"
"27.09.2017 14:00 - 27.09.2017 15:00","15723","15044"
"27.09.2017 15:00 - 27.09.2017 16:00","15623","14926"
"27.09.2017 16:00 - 27.09.2017 17:00","15478","14867"
"27.09.2017 17:00 - 27.09.2017 18:00","15596","14885"
"27.09.2017 18:00 - 27.09.2017 19:00","15727","15123"
"27.09.2017 19:00 - 27.09.2017 20:00","15941","15366"
"27.09.2017 20:00 - 27.09.2017 21:00","15734","14793"
"27.09.2017 21:00 - 27.09.2017 22:00","15057","13782"
"27.09.2017 22:00 - 27.09.2017 23:00","14025","12765"
"27.09.2017 23:00 - 28.09.2017 00:00","13053","11880"
"28.09.2017 00:00 - 28.09.2017 01:00","12105","11205"
"28.09.2017 01:00 - 28.09.2017 02:00","11736","10926"
"28.09.2017 02:00 - 28.09.2017 03:00","11604","10884"
"28.09.2017 03:00 - 28.09.2017 04:00","11577","10755"
"28.09.2017 04:00 - 28.09.2017 05:00","11700","10804"
"28.09.2017 05:00 - 28.09.2017 06:00","12274","11332"
"28.09.2017 06:00 - 28.09.2017 07:00","13819","13300"
"28.09.2017 07:00 - 28.09.2017 08:00","15333","14787"
"28.09.2017 08:00 - 28.09.2017 09:00","15880","14839"
"28.09.2017 09:00 - 28.09.2017 10:00","15913","14965"
"28.09.2017 10:00 - 28.09.2017 11:00","15931","14986"
"28.09.2017 11:00 - 28.09.2017 12:00","15854","15505"
"28.09.2017 12:00 - 28.09.2017 13:00","15678","14859"
"28.09.2017 13:00 - 28.09.2017 14:00","15527","14797"
"28.09.2017 14:00 - 28.09.2017 15:00","15380","14563"
"28.09.2017 15:00 - 28.09.2017 16:00","15290","14537"
"28.09.2017 16:00 - 28.09.2017 17:00","15153","14806"
"28.09.2017 17:00 - 28.09.2017 18:00","15318","14891"
"28.09.2017 18:00 - 28.09.2017 19:00","15492","15106"
"28.09.2017 19:00 - 28.09.2017 20:00","15739","15359"
"28.09.2017 20:00 - 28.09.2017 21:00","15542","14958"
"28.09.2017 21:00 - 28.09.2017 22:00","14835","13957"
"28.09.2017 22:00 - 28.09.2017 23:00","13812","12904"
"28.09.2017 23:00 - 29.09.2017 00:00","12850","12212"
"29.09.2017 00:00 - 29.09.2017 01:00","11912","11496"
"29.09.2017 01:00 - 29.09.2017 02:00","11548","11460"
"29.09.2017 02:00 - 29.09.2017 03:00","11404","11221"
"29.09.2017 03:00 - 29.09.2017 04:00","11379","11199"
"29.09.2017 04:00 - 29.09.2017 05:00","11495","11433"
"29.09.2017 05:00 - 29.09.2017 06:00","12106","12084"
"29.09.2017 06:00 - 29.09.2017 07:00","13694","13986"
"29.09.2017 07:00 - 29.09.2017 08:00","15249","15496"
"29.09.2017 08:00 - 29.09.2017 09:00","15805","15845"
"29.09.2017 09:00 - 29.09.2017 10:00","15895","15748"
"29.09.2017 10:00 - 29.09.2017 11:00","15933","15931"
"29.09.2017 11:00 - 29.09.2017 12:00","15839","15625"
"29.09.2017 12:00 - 29.09.2017 13:00","15611","15362"
"29.09.2017 13:00 - 29.09.2017 14:00","15344","15143"
"29.09.2017 14:00 - 29.09.2017 15:00","15045","14808"
"29.09.2017 15:00 - 29.09.2017 16:00","14833","14596"
"29.09.2017 16:00 - 29.09.2017 17:00","14653","14463"
"29.09.2017 17:00 - 29.09.2017 18:00","14783","14758"
"29.09.2017 18:00 - 29.09.2017 19:00","14934","14900"
"29.09.2017 19:00 - 29.09.2017 20:00","14979","14855"
"29.09.2017 20:00 - 29.09.2017 21:00","14553","14247"
"29.09.2017 21:00 - 29.09.2017 22:00","13846","13350"
"29.09.2017 22:00 - 29.09.2017 23:00","13082","12633"
"29.09.2017 23:00 - 30.09.2017 00:00","12304","12257"
"30.09.2017 00:00 - 30.09.2017 01:00","11622","11521"
"30.09.2017 01:00 - 30.09.2017 02:00","11243","11258"
"30.09.2017 02:00 - 30.09.2017 03:00","11048","11156"
"30.09.2017 03:00 - 30.09.2017 04:00","10970","11228"
"30.09.2017 04:00 - 30.09.2017 05:00","11001","11127"
"30.09.2017 05:00 - 30.09.2017 06:00","11152","11246"
"30.09.2017 06:00 - 30.09.2017 07:00","11505","11779"
"30.09.2017 07:00 - 30.09.2017 08:00","11946","12025"
"30.09.2017 08:00 - 30.09.2017 09:00","12652","12932"
"30.09.2017 09:00 - 30.09.2017 10:00","13289","13417"
"30.09.2017 10:00 - 30.09.2017 11:00","13614","13340"
"30.09.2017 11:00 - 30.09.2017 12:00","13666","13292"
"30.09.2017 12:00 - 30.09.2017 13:00","13600","13093"
"30.09.2017 13:00 - 30.09.2017 14:00","13454","13044"
"30.09.2017 14:00 - 30.09.2017 15:00","13274","12835"
"30.09.2017 15:00 - 30.09.2017 16:00","13205","12735"
"30.09.2017 16:00 - 30.09.2017 17:00","13265","12885"
"30.09.2017 17:00 - 30.09.2017 18:00","13595","13307"
"30.09.2017 18:00 - 30.09.2017 19:00","13917","13868"
"30.09.2017 19:00 - 30.09.2017 20:00","14132","13881"
"30.09.2017 20:00 - 30.09.2017 21:00","13907","13452"
"30.09.2017 21:00 - 30.09.2017 22:00","13366","12967"
"30.09.2017 22:00 - 30.09.2017 23:00","12710","12621"
"30.09.2017 23:00 - 01.10.2017 00:00","12088","12084"
"01.10.2017 00:00 - 01.10.2017 01:00","11730","11526"
"01.10.2017 01:00 - 01.10.2017 02:00","11397","11324"
"01.10.2017 02:00 - 01.10.2017 03:00","11222","11142"
"01.10.2017 03:00 - 01.10.2017 04:00","11125","11129"
"01.10.2017 04:00 - 01.10.2017 05:00","11118","11132"
"01.10.2017 05:00 - 01.10.2017 06:00","11231","11339"
"01.10.2017 06:00 - 01.10.2017 07:00","11456","11541"
"01.10.2017 07:00 - 01.10.2017 08:00","11729","11602"
"01.10.2017 08:00 - 01.10.2017 09:00","12282","12233"
"01.10.2017 09:00 - 01.10.2017 10:00","12948","12763"
"01.10.2017 10:00 - 01.10.2017 11:00","13350","13218"
"01.10.2017 11:00 - 01.10.2017 12:00","13550","13322"
"01.10.2017 12:00 - 01.10.2017 13:00","13585","13370"
"01.10.2017 13:00 - 01.10.2017 14:00","13525","13382"
"01.10.2017 14:00 - 01.10.2017 15:00","13400","13288"
"01.10.2017 15:00 - 01.10.2017 16:00","13350","13275"
"01.10.2017 16:00 - 01.10.2017 17:00","13441","13508"
"01.10.2017 17:00 - 01.10.2017 18:00","13781","13886"
"01.10.2017 18:00 - 01.10.2017 19:00","14304","14262"
"01.10.2017 19:00 - 01.10.2017 20:00","14679","14426"
"01.10.2017 20:00 - 01.10.2017 21:00","14538","13896"
"01.10.2017 21:00 - 01.10.2017 22:00","13898","13173"
"01.10.2017 22:00 - 01.10.2017 23:00","13104","12385"
"01.10.2017 23:00 - 02.10.2017 00:00","12318","11746"
"02.10.2017 00:00 - 02.10.2017 01:00","11861","11255"
"02.10.2017 01:00 - 02.10.2017 02:00","11582","11264"
"02.10.2017 02:00 - 02.10.2017 03:00","11476","10916"
"02.10.2017 03:00 - 02.10.2017 04:00","11507","10920"
"02.10.2017 04:00 - 02.10.2017 05:00","11662","11134"
"02.10.2017 05:00 - 02.10.2017 06:00","12263","11796"
"02.10.2017 06:00 - 02.10.2017 07:00","13790","13600"
"02.10.2017 07:00 - 02.10.2017 08:00","15288","14667"
"02.10.2017 08:00 - 02.10.2017 09:00","15840","15231"
"02.10.2017 09:00 - 02.10.2017 10:00","15992","15515"
"02.10.2017 10:00 - 02.10.2017 11:00","16071","15754"
"02.10.2017 11:00 - 02.10.2017 12:00","16020","16085"
"02.10.2017 12:00 - 02.10.2017 13:00","15937","16059"
"02.10.2017 13:00 - 02.10.2017 14:00","15894","16115"
"02.10.2017 14:00 - 02.10.2017 15:00","15842","15956"
"02.10.2017 15:00 - 02.10.2017 16:00","15823","15828"
"02.10.2017 16:00 - 02.10.2017 17:00","15734","15745"
"02.10.2017 17:00 - 02.10.2017 18:00","15859","16156"
"02.10.2017 18:00 - 02.10.2017 19:00","15943","16073"
"02.10.2017 19:00 - 02.10.2017 20:00","16029","15955"
"02.10.2017 20:00 - 02.10.2017 21:00","15661","15306"
"02.10.2017 21:00 - 02.10.2017 22:00","14890","14268"
"02.10.2017 22:00 - 02.10.2017 23:00","13822","13392"
"02.10.2017 23:00 - 03.10.2017 00:00","12842","12463"
"03.10.2017 00:00 - 03.10.2017 01:00","12178","11859"
"03.10.2017 01:00 - 03.10.2017 02:00","11828","11750"
"03.10.2017 02:00 - 03.10.2017 03:00","11694","11653"
"03.10.2017 03:00 - 03.10.2017 04:00","11670","11516"
"03.10.2017 04:00 - 03.10.2017 05:00","11783","11407"
"03.10.2017 05:00 - 03.10.2017 06:00","12368","12045"
"03.10.2017 06:00 - 03.10.2017 07:00","13897","14172"
"03.10.2017 07:00 - 03.10.2017 08:00","15359","15462"
"03.10.2017 08:00 - 03.10.2017 09:00","15890","15573"
"03.10.2017 09:00 - 03.10.2017 10:00","15967","15571"
"03.10.2017 10:00 - 03.10.2017 11:00","16046","15393"
"03.10.2017 11:00 - 03.10.2017 12:00","16000","15479"
"03.10.2017 12:00 - 03.10.2017 13:00","15921","15243"
"03.10.2017 13:00 - 03.10.2017 14:00","15799","14979"
"03.10.2017 14:00 - 03.10.2017 15:00","15682","14888"
"03.10.2017 15:00 - 03.10.2017 16:00","15621","14719"
"03.10.2017 16:00 - 03.10.2017 17:00","15501","14866"
"03.10.2017 17:00 - 03.10.2017 18:00","15646","14878"
"03.10.2017 18:00 - 03.10.2017 19:00","15802","15617"
"03.10.2017 19:00 - 03.10.2017 20:00","15975","15902"
"03.10.2017 20:00 - 03.10.2017 21:00","15694","15054"
"03.10.2017 21:00 - 03.10.2017 22:00","14980","14249"
"03.10.2017 22:00 - 03.10.2017 23:00","13963","13126"
"03.10.2017 23:00 - 04.10.2017 00:00","13005","12140"
"04.10.2017 00:00 - 04.10.2017 01:00","12135","11577"
"04.10.2017 01:00 - 04.10.2017 02:00","11797","10861"
"04.10.2017 02:00 - 04.10.2017 03:00","11678","11039"
"04.10.2017 03:00 - 04.10.2017 04:00","11689","11241"
"04.10.2017 04:00 - 04.10.2017 05:00","11831","11185"
"04.10.2017 05:00 - 04.10.2017 06:00","12467","11939"
"04.10.2017 06:00 - 04.10.2017 07:00","14079","14078"
"04.10.2017 07:00 - 04.10.2017 08:00","15625","15831"
"04.10.2017 08:00 - 04.10.2017 09:00","16119","16051"
"04.10.2017 09:00 - 04.10.2017 10:00","16130","16061"
"04.10.2017 10:00 - 04.10.2017 11:00","16158","16393"
"04.10.2017 11:00 - 04.10.2017 12:00","15978","15813"
"04.10.2017 12:00 - 04.10.2017 13:00","15860","16066"
"04.10.2017 13:00 - 04.10.2017 14:00","15788","15745"
"04.10.2017 14:00 - 04.10.2017 15:00","15751","15638"
"04.10.2017 15:00 - 04.10.2017 16:00","15776","15901"
"04.10.2017 16:00 - 04.10.2017 17:00","15675","15838"
"04.10.2017 17:00 - 04.10.2017 18:00","15876","16086"
"04.10.2017 18:00 - 04.10.2017 19:00","16052","16588"
"04.10.2017 19:00 - 04.10.2017 20:00","16188","16571"
"04.10.2017 20:00 - 04.10.2017 21:00","15860","15629"
"04.10.2017 21:00 - 04.10.2017 22:00","15125","14476"
"04.10.2017 22:00 - 04.10.2017 23:00","14095","13655"
"04.10.2017 23:00 - 05.10.2017 00:00","13145","12646"
"05.10.2017 00:00 - 05.10.2017 01:00","12480","12368"
"05.10.2017 01:00 - 05.10.2017 02:00","12150","12013"
"05.10.2017 02:00 - 05.10.2017 03:00","12040","11745"
"05.10.2017 03:00 - 05.10.2017 04:00","12026","11602"
"05.10.2017 04:00 - 05.10.2017 05:00","12153","11867"
"05.10.2017 05:00 - 05.10.2017 06:00","12757","12439"
"05.10.2017 06:00 - 05.10.2017 07:00","14311","14357"
"05.10.2017 07:00 - 05.10.2017 08:00","15812","16385"
"05.10.2017 08:00 - 05.10.2017 09:00","16265","16772"
"05.10.2017 09:00 - 05.10.2017 10:00","16257","16825"
"05.10.2017 10:00 - 05.10.2017 11:00","16276","16631"
"05.10.2017 11:00 - 05.10.2017 12:00","16042","16240"
"05.10.2017 12:00 - 05.10.2017 13:00","15895","16264"
"05.10.2017 13:00 - 05.10.2017 14:00","15733","16175"
"05.10.2017 14:00 - 05.10.2017 15:00","15591","15905"
"05.10.2017 15:00 - 05.10.2017 16:00","15558","15676"
"05.10.2017 16:00 - 05.10.2017 17:00","15460","15393"
"05.10.2017 17:00 - 05.10.2017 18:00","15739","15608"
"05.10.2017 18:00 - 05.10.2017 19:00","15974","15816"
"05.10.2017 19:00 - 05.10.2017 20:00","16193","16013"
"05.10.2017 20:00 - 05.10.2017 21:00","15917","15593"
"05.10.2017 21:00 - 05.10.2017 22:00","15190","15100"
"05.10.2017 22:00 - 05.10.2017 23:00","14190","14401"
"05.10.2017 23:00 - 06.10.2017 00:00","13270","13433"
"06.10.2017 00:00 - 06.10.2017 01:00","12660","12389"
"06.10.2017 01:00 - 06.10.2017 02:00","12333","12245"
"06.10.2017 02:00 - 06.10.2017 03:00","12219","12066"
"06.10.2017 03:00 - 06.10.2017 04:00","12226","12156"
"06.10.2017 04:00 - 06.10.2017 05:00","12368","12284"
"06.10.2017 05:00 - 06.10.2017 06:00","13001","13035"
"06.10.2017 06:00 - 06.10.2017 07:00","14616","15150"
"06.10.2017 07:00 - 06.10.2017 08:00","16162","16572"
"06.10.2017 08:00 - 06.10.2017 09:00","16664","16753"
"06.10.2017 09:00 - 06.10.2017 10:00","16710","16906"
"06.10.2017 10:00 - 06.10.2017 11:00","16650","16701"
"06.10.2017 11:00 - 06.10.2017 12:00","16373","16542"
"06.10.2017 12:00 - 06.10.2017 13:00","16074","16076"
"06.10.2017 13:00 - 06.10.2017 14:00","15702","15678"
"06.10.2017 14:00 - 06.10.2017 15:00","15429","15056"
"06.10.2017 15:00 - 06.10.2017 16:00","15171","14906"
"06.10.2017 16:00 - 06.10.2017 17:00","15105","15028"
"06.10.2017 17:00 - 06.10.2017 18:00","15393","14961"
"06.10.2017 18:00 - 06.10.2017 19:00","15628","15499"
"06.10.2017 19:00 - 06.10.2017 20:00","15603","15351"
"06.10.2017 20:00 - 06.10.2017 21:00","15073","14503"
"06.10.2017 21:00 - 06.10.2017 22:00","14353","13989"
"06.10.2017 22:00 - 06.10.2017 23:00","13592","13349"
"06.10.2017 23:00 - 07.10.2017 00:00","12883","12554"
"07.10.2017 00:00 - 07.10.2017 01:00","12467","11910"
"07.10.2017 01:00 - 07.10.2017 02:00","12092","11812"
"07.10.2017 02:00 - 07.10.2017 03:00","11917","11600"
"07.10.2017 03:00 - 07.10.2017 04:00","11857","11414"
"07.10.2017 04:00 - 07.10.2017 05:00","11904","11450"
"07.10.2017 05:00 - 07.10.2017 06:00","12077","11538"
"07.10.2017 06:00 - 07.10.2017 07:00","12475","12080"
"07.10.2017 07:00 - 07.10.2017 08:00","12926","12528"
"07.10.2017 08:00 - 07.10.2017 09:00","13596","13334"
"07.10.2017 09:00 - 07.10.2017 10:00","14280","14110"
"07.10.2017 10:00 - 07.10.2017 11:00","14668","14526"
"07.10.2017 11:00 - 07.10.2017 12:00","14637","14575"
"07.10.2017 12:00 - 07.10.2017 13:00","14585","14621"
"07.10.2017 13:00 - 07.10.2017 14:00","14492","14683"
"07.10.2017 14:00 - 07.10.2017 15:00","14394","14561"
"07.10.2017 15:00 - 07.10.2017 16:00","14370","14501"
"07.10.2017 16:00 - 07.10.2017 17:00","14509","14789"
"07.10.2017 17:00 - 07.10.2017 18:00","14833","14950"
"07.10.2017 18:00 - 07.10.2017 19:00","15143","15398"
"07.10.2017 19:00 - 07.10.2017 20:00","15174","15136"
"07.10.2017 20:00 - 07.10.2017 21:00","14742","14858"
"07.10.2017 21:00 - 07.10.2017 22:00","14157","14061"
"07.10.2017 22:00 - 07.10.2017 23:00","13554","13248"
"07.10.2017 23:00 - 08.10.2017 00:00","12960","12675"
"08.10.2017 00:00 - 08.10.2017 01:00","12599","12181"
"08.10.2017 01:00 - 08.10.2017 02:00","12290","11946"
"08.10.2017 02:00 - 08.10.2017 03:00","12149","11954"
"08.10.2017 03:00 - 08.10.2017 04:00","12068","11726"
"08.10.2017 04:00 - 08.10.2017 05:00","12084","11777"
"08.10.2017 05:00 - 08.10.2017 06:00","12213","11539"
"08.10.2017 06:00 - 08.10.2017 07:00","12471","12169"
"08.10.2017 07:00 - 08.10.2017 08:00","12755","12497"
"08.10.2017 08:00 - 08.10.2017 09:00","13266","13086"
"08.10.2017 09:00 - 08.10.2017 10:00","13918","13766"
"08.10.2017 10:00 - 08.10.2017 11:00","14375","14621"
"08.10.2017 11:00 - 08.10.2017 12:00","14530","14920"
"08.10.2017 12:00 - 08.10.2017 13:00","14609","14527"
"08.10.2017 13:00 - 08.10.2017 14:00","14654","14278"
"08.10.2017 14:00 - 08.10.2017 15:00","14623","14249"
"08.10.2017 15:00 - 08.10.2017 16:00","14653","14084"
"08.10.2017 16:00 - 08.10.2017 17:00","14867","14393"
"08.10.2017 17:00 - 08.10.2017 18:00","15237","14957"
"08.10.2017 18:00 - 08.10.2017 19:00","15620","15491"
"08.10.2017 19:00 - 08.10.2017 20:00","15814","15431"
"08.10.2017 20:00 - 08.10.2017 21:00","15490","14877"
"08.10.2017 21:00 - 08.10.2017 22:00","14830","14102"
"08.10.2017 22:00 - 08.10.2017 23:00","14041","13121"
"08.10.2017 23:00 - 09.10.2017 00:00","13292","12122"
"09.10.2017 00:00 - 09.10.2017 01:00","12658","11999"
"09.10.2017 01:00 - 09.10.2017 02:00","12396","12060"
"09.10.2017 02:00 - 09.10.2017 03:00","12313","12008"
"09.10.2017 03:00 - 09.10.2017 04:00","12335","11924"
"09.10.2017 04:00 - 09.10.2017 05:00","12546","12021"
"09.10.2017 05:00 - 09.10.2017 06:00","13262","12715"
"09.10.2017 06:00 - 09.10.2017 07:00","15395","15109"
"09.10.2017 07:00 - 09.10.2017 08:00","17145","16592"
"09.10.2017 08:00 - 09.10.2017 09:00","17709","16851"
"09.10.2017 09:00 - 09.10.2017 10:00","17796","16966"
"09.10.2017 10:00 - 09.10.2017 11:00","17721","17136"
"09.10.2017 11:00 - 09.10.2017 12:00","17652","16892"
"09.10.2017 12:00 - 09.10.2017 13:00","17533","16777"
"09.10.2017 13:00 - 09.10.2017 14:00","17465","16613"
"09.10.2017 14:00 - 09.10.2017 15:00","17369","16594"
"09.10.2017 15:00 - 09.10.2017 16:00","17329","16532"
"09.10.2017 16:00 - 09.10.2017 17:00","17262","16501"
"09.10.2017 17:00 - 09.10.2017 18:00","17530","16862"
"09.10.2017 18:00 - 09.10.2017 19:00","17491","17123"
"09.10.2017 19:00 - 09.10.2017 20:00","17519","16869"
"09.10.2017 20:00 - 09.10.2017 21:00","16922","16331"
"09.10.2017 21:00 - 09.10.2017 22:00","16089","15563"
"09.10.2017 22:00 - 09.10.2017 23:00","15008","14440"
"09.10.2017 23:00 - 10.10.2017 00:00","14013","13455"
"10.10.2017 00:00 - 10.10.2017 01:00","13217","12767"
"10.10.2017 01:00 - 10.10.2017 02:00","12847","12491"
"10.10.2017 02:00 - 10.10.2017 03:00","12707","12335"
"10.10.2017 03:00 - 10.10.2017 04:00","12699","12397"
"10.10.2017 04:00 - 10.10.2017 05:00","12828","12500"
"10.10.2017 05:00 - 10.10.2017 06:00","13479","13373"
"10.10.2017 06:00 - 10.10.2017 07:00","15545","15641"
"10.10.2017 07:00 - 10.10.2017 08:00","17264","16835"
"10.10.2017 08:00 - 10.10.2017 09:00","17770","17124"
"10.10.2017 09:00 - 10.10.2017 10:00","17688","17187"
"10.10.2017 10:00 - 10.10.2017 11:00","17592","17217"
"10.10.2017 11:00 - 10.10.2017 12:00","17444","16951"
"10.10.2017 12:00 - 10.10.2017 13:00","17324","16629"
"10.10.2017 13:00 - 10.10.2017 14:00","17228","16609"
"10.10.2017 14:00 - 10.10.2017 15:00","17101","16396"
"10.10.2017 15:00 - 10.10.2017 16:00","17041","16481"
"10.10.2017 16:00 - 10.10.2017 17:00","16978","16517"
"10.10.2017 17:00 - 10.10.2017 18:00","17279","16875"
"10.10.2017 18:00 - 10.10.2017 19:00","17306","17430"
"10.10.2017 19:00 - 10.10.2017 20:00","17357","17050"
"10.10.2017 20:00 - 10.10.2017 21:00","16762","16450"
"10.10.2017 21:00 - 10.10.2017 22:00","15921","15629"
"10.10.2017 22:00 - 10.10.2017 23:00","14855","14171"
"10.10.2017 23:00 - 11.10.2017 00:00","13843","13239"
"11.10.2017 00:00 - 11.10.2017 01:00","13221","12710"
"11.10.2017 01:00 - 11.10.2017 02:00","12861","12622"
"11.10.2017 02:00 - 11.10.2017 03:00","12702","12525"
"11.10.2017 03:00 - 11.10.2017 04:00","12684","12577"
"11.10.2017 04:00 - 11.10.2017 05:00","12797","12637"
"11.10.2017 05:00 - 11.10.2017 06:00","13386","13518"
"11.10.2017 06:00 - 11.10.2017 07:00","14954","15756"
"11.10.2017 07:00 - 11.10.2017 08:00","16471","17098"
"11.10.2017 08:00 - 11.10.2017 09:00","16911","17247"
"11.10.2017 09:00 - 11.10.2017 10:00","16918","17197"
"11.10.2017 10:00 - 11.10.2017 11:00","16997","17141"
"11.10.2017 11:00 - 11.10.2017 12:00","16867","16943"
"11.10.2017 12:00 - 11.10.2017 13:00","16718","16725"
"11.10.2017 13:00 - 11.10.2017 14:00","16579","16626"
"11.10.2017 14:00 - 11.10.2017 15:00","16402","16337"
"11.10.2017 15:00 - 11.10.2017 16:00","16420","16339"
"11.10.2017 16:00 - 11.10.2017 17:00","16357","16443"
"11.10.2017 17:00 - 11.10.2017 18:00","16559","16661"
"11.10.2017 18:00 - 11.10.2017 19:00","16744","16901"
"11.10.2017 19:00 - 11.10.2017 20:00","16775","16720"
"11.10.2017 20:00 - 11.10.2017 21:00","16289","16031"
"11.10.2017 21:00 - 11.10.2017 22:00","15488","15113"
"11.10.2017 22:00 - 11.10.2017 23:00","14447","14188"
"11.10.2017 23:00 - 12.10.2017 00:00","13478","13027"
"12.10.2017 00:00 - 12.10.2017 01:00","12631","12406"
"12.10.2017 01:00 - 12.10.2017 02:00","12200","12191"
"12.10.2017 02:00 - 12.10.2017 03:00","12024","12128"
"12.10.2017 03:00 - 12.10.2017 04:00","11963","12093"
"12.10.2017 04:00 - 12.10.2017 05:00","12033","12227"
"12.10.2017 05:00 - 12.10.2017 06:00","12631","12785"
"12.10.2017 06:00 - 12.10.2017 07:00","14685","14789"
"12.10.2017 07:00 - 12.10.2017 08:00","16507","16352"
"12.10.2017 08:00 - 12.10.2017 09:00","17103","16547"
"12.10.2017 09:00 - 12.10.2017 10:00","16956","16717"
"12.10.2017 10:00 - 12.10.2017 11:00","16809","16692"
"12.10.2017 11:00 - 12.10.2017 12:00","16818","16611"
"12.10.2017 12:00 - 12.10.2017 13:00","16792","16489"
"12.10.2017 13:00 - 12.10.2017 14:00","16683","16571"
"12.10.2017 14:00 - 12.10.2017 15:00","16519","16372"
"12.10.2017 15:00 - 12.10.2017 16:00","16437","16134"
"12.10.2017 16:00 - 12.10.2017 17:00","16346","16141"
"12.10.2017 17:00 - 12.10.2017 18:00","16740","16477"
"12.10.2017 18:00 - 12.10.2017 19:00","16741","16849"
"12.10.2017 19:00 - 12.10.2017 20:00","16759","16685"
"12.10.2017 20:00 - 12.10.2017 21:00","16135","15858"
"12.10.2017 21:00 - 12.10.2017 22:00","15303","14901"
"12.10.2017 22:00 - 12.10.2017 23:00","14258","14039"
"12.10.2017 23:00 - 13.10.2017 00:00","13279","13071"
"13.10.2017 00:00 - 13.10.2017 01:00","12441","12790"
"13.10.2017 01:00 - 13.10.2017 02:00","12081","12539"
"13.10.2017 02:00 - 13.10.2017 03:00","11949","12404"
"13.10.2017 03:00 - 13.10.2017 04:00","11958","12492"
"13.10.2017 04:00 - 13.10.2017 05:00","12142","12328"
"13.10.2017 05:00 - 13.10.2017 06:00","12817","13108"
"13.10.2017 06:00 - 13.10.2017 07:00","14593","15432"
"13.10.2017 07:00 - 13.10.2017 08:00","16285","17206"
"13.10.2017 08:00 - 13.10.2017 09:00","16830","17479"
"13.10.2017 09:00 - 13.10.2017 10:00","16925","17446"
"13.10.2017 10:00 - 13.10.2017 11:00","16871","17356"
"13.10.2017 11:00 - 13.10.2017 12:00","16498","16934"
"13.10.2017 12:00 - 13.10.2017 13:00","16238","16657"
"13.10.2017 13:00 - 13.10.2017 14:00","15751","16449"
"13.10.2017 14:00 - 13.10.2017 15:00","15403","16094"
"13.10.2017 15:00 - 13.10.2017 16:00","15153","15776"
"13.10.2017 16:00 - 13.10.2017 17:00","15075","15610"
"13.10.2017 17:00 - 13.10.2017 18:00","15557","15925"
"13.10.2017 18:00 - 13.10.2017 19:00","15900","15982"
"13.10.2017 19:00 - 13.10.2017 20:00","15915","15526"
"13.10.2017 20:00 - 13.10.2017 21:00","15241","14791"
"13.10.2017 21:00 - 13.10.2017 22:00","14439","13968"
"13.10.2017 22:00 - 13.10.2017 23:00","13613","13049"
"13.10.2017 23:00 - 14.10.2017 00:00","12823","12373"
"14.10.2017 00:00 - 14.10.2017 01:00","12325","11826"
"14.10.2017 01:00 - 14.10.2017 02:00","11903","11552"
"14.10.2017 02:00 - 14.10.2017 03:00","11659","11539"
"14.10.2017 03:00 - 14.10.2017 04:00","11509","11438"
"14.10.2017 04:00 - 14.10.2017 05:00","11473","11587"
"14.10.2017 05:00 - 14.10.2017 06:00","11563","11719"
"14.10.2017 06:00 - 14.10.2017 07:00","11908","12285"
"14.10.2017 07:00 - 14.10.2017 08:00","12340","12812"
"14.10.2017 08:00 - 14.10.2017 09:00","12899","13338"
"14.10.2017 09:00 - 14.10.2017 10:00","13600","14056"
"14.10.2017 10:00 - 14.10.2017 11:00","14059","14133"
"14.10.2017 11:00 - 14.10.2017 12:00","14126","14237"
"14.10.2017 12:00 - 14.10.2017 13:00","13987","14186"
"14.10.2017 13:00 - 14.10.2017 14:00","13758","13818"
"14.10.2017 14:00 - 14.10.2017 15:00","13457","13663"
"14.10.2017 15:00 - 14.10.2017 16:00","13387","13613"
"14.10.2017 16:00 - 14.10.2017 17:00","13452","13932"
"14.10.2017 17:00 - 14.10.2017 18:00","13942","14164"
"14.10.2017 18:00 - 14.10.2017 19:00","14419","14602"
"14.10.2017 19:00 - 14.10.2017 20:00","14538","14416"
"14.10.2017 20:00 - 14.10.2017 21:00","14058","13719"
"14.10.2017 21:00 - 14.10.2017 22:00","13455","12980"
"14.10.2017 22:00 - 14.10.2017 23:00","12819","12476"
"14.10.2017 23:00 - 15.10.2017 00:00","12198","11790"
"15.10.2017 00:00 - 15.10.2017 01:00","11719","11474"
"15.10.2017 01:00 - 15.10.2017 02:00","11370","11273"
"15.10.2017 02:00 - 15.10.2017 03:00","11190","11246"
"15.10.2017 03:00 - 15.10.2017 04:00","11117","11247"
"15.10.2017 04:00 - 15.10.2017 05:00","11141","11161"
"15.10.2017 05:00 - 15.10.2017 06:00","11285","11386"
"15.10.2017 06:00 - 15.10.2017 07:00","11605","11815"
"15.10.2017 07:00 - 15.10.2017 08:00","11948","12154"
"15.10.2017 08:00 - 15.10.2017 09:00","12479","12892"
"15.10.2017 09:00 - 15.10.2017 10:00","13131","13360"
"15.10.2017 10:00 - 15.10.2017 11:00","13578","13770"
"15.10.2017 11:00 - 15.10.2017 12:00","13713","14305"
"15.10.2017 12:00 - 15.10.2017 13:00","13737","14185"
"15.10.2017 13:00 - 15.10.2017 14:00","13615","14201"
"15.10.2017 14:00 - 15.10.2017 15:00","13495","13840"
"15.10.2017 15:00 - 15.10.2017 16:00","13502","13693"
"15.10.2017 16:00 - 15.10.2017 17:00","13717","14027"
"15.10.2017 17:00 - 15.10.2017 18:00","14167","14356"
"15.10.2017 18:00 - 15.10.2017 19:00","14627","14769"
"15.10.2017 19:00 - 15.10.2017 20:00","14741","14613"
"15.10.2017 20:00 - 15.10.2017 21:00","14284","14315"
"15.10.2017 21:00 - 15.10.2017 22:00","13536","13526"
"15.10.2017 22:00 - 15.10.2017 23:00","12656","12194"
"15.10.2017 23:00 - 16.10.2017 00:00","11825","11612"
"16.10.2017 00:00 - 16.10.2017 01:00","11330","11060"
"16.10.2017 01:00 - 16.10.2017 02:00","11057","10795"
"16.10.2017 02:00 - 16.10.2017 03:00","10944","10693"
"16.10.2017 03:00 - 16.10.2017 04:00","10946","10936"
"16.10.2017 04:00 - 16.10.2017 05:00","11129","11114"
"16.10.2017 05:00 - 16.10.2017 06:00","11840","11901"
"16.10.2017 06:00 - 16.10.2017 07:00","13621","13989"
"16.10.2017 07:00 - 16.10.2017 08:00","15294","15726"
"16.10.2017 08:00 - 16.10.2017 09:00","15815","15761"
"16.10.2017 09:00 - 16.10.2017 10:00","15969","15911"
"16.10.2017 10:00 - 16.10.2017 11:00","16126","16159"
"16.10.2017 11:00 - 16.10.2017 12:00","16111","16127"
"16.10.2017 12:00 - 16.10.2017 13:00","15944","15925"
"16.10.2017 13:00 - 16.10.2017 14:00","15794","15768"
"16.10.2017 14:00 - 16.10.2017 15:00","15691","15595"
"16.10.2017 15:00 - 16.10.2017 16:00","15602","15644"
"16.10.2017 16:00 - 16.10.2017 17:00","15431","15547"
"16.10.2017 17:00 - 16.10.2017 18:00","15805","15826"
"16.10.2017 18:00 - 16.10.2017 19:00","16102","16548"
"16.10.2017 19:00 - 16.10.2017 20:00","16169","16426"
"16.10.2017 20:00 - 16.10.2017 21:00","15667","15593"
"16.10.2017 21:00 - 16.10.2017 22:00","14850","14930"
"16.10.2017 22:00 - 16.10.2017 23:00","13789","13883"
"16.10.2017 23:00 - 17.10.2017 00:00","12809","12951"
"17.10.2017 00:00 - 17.10.2017 01:00","12433","12028"
"17.10.2017 01:00 - 17.10.2017 02:00","12136","11665"
"17.10.2017 02:00 - 17.10.2017 03:00","12026","11603"
"17.10.2017 03:00 - 17.10.2017 04:00","12034","11636"
"17.10.2017 04:00 - 17.10.2017 05:00","12172","11905"
"17.10.2017 05:00 - 17.10.2017 06:00","12725","12537"
"17.10.2017 06:00 - 17.10.2017 07:00","14584","14282"
"17.10.2017 07:00 - 17.10.2017 08:00","16039","15978"
"17.10.2017 08:00 - 17.10.2017 09:00","16435","16162"
"17.10.2017 09:00 - 17.10.2017 10:00","16020","15978"
"17.10.2017 10:00 - 17.10.2017 11:00","16028","16304"
"17.10.2017 11:00 - 17.10.2017 12:00","15910","16360"
"17.10.2017 12:00 - 17.10.2017 13:00","15776","15998"
"17.10.2017 13:00 - 17.10.2017 14:00","15589","16012"
"17.10.2017 14:00 - 17.10.2017 15:00","15503","15867"
"17.10.2017 15:00 - 17.10.2017 16:00","15567","16040"
"17.10.2017 16:00 - 17.10.2017 17:00","15643","16232"
"17.10.2017 17:00 - 17.10.2017 18:00","16196","16594"
"17.10.2017 18:00 - 17.10.2017 19:00","16341","16880"
"17.10.2017 19:00 - 17.10.2017 20:00","16077","16645"
"17.10.2017 20:00 - 17.10.2017 21:00","15561","15542"
"17.10.2017 21:00 - 17.10.2017 22:00","14796","14747"
"17.10.2017 22:00 - 17.10.2017 23:00","13834","13728"
"17.10.2017 23:00 - 18.10.2017 00:00","12929","12757"
"18.10.2017 00:00 - 18.10.2017 01:00","12318","11983"
"18.10.2017 01:00 - 18.10.2017 02:00","11972","11670"
"18.10.2017 02:00 - 18.10.2017 03:00","11832","11703"
"18.10.2017 03:00 - 18.10.2017 04:00","11821","11553"
"18.10.2017 04:00 - 18.10.2017 05:00","12002","11632"
"18.10.2017 05:00 - 18.10.2017 06:00","12844","12530"
"18.10.2017 06:00 - 18.10.2017 07:00","14610","14673"
"18.10.2017 07:00 - 18.10.2017 08:00","16366","16164"
"18.10.2017 08:00 - 18.10.2017 09:00","16870","16641"
"18.10.2017 09:00 - 18.10.2017 10:00","16782","16763"
"18.10.2017 10:00 - 18.10.2017 11:00","16797","16701"
"18.10.2017 11:00 - 18.10.2017 12:00","16636","16612"
"18.10.2017 12:00 - 18.10.2017 13:00","16495","16389"
"18.10.2017 13:00 - 18.10.2017 14:00","16302","16378"
"18.10.2017 14:00 - 18.10.2017 15:00","16172","16309"
"18.10.2017 15:00 - 18.10.2017 16:00","16179","16294"
"18.10.2017 16:00 - 18.10.2017 17:00","16358","16160"
"18.10.2017 17:00 - 18.10.2017 18:00","16913","16864"
"18.10.2017 18:00 - 18.10.2017 19:00","17249","17138"
"18.10.2017 19:00 - 18.10.2017 20:00","17222","17164"
"18.10.2017 20:00 - 18.10.2017 21:00","16651","16463"
"18.10.2017 21:00 - 18.10.2017 22:00","15919","15649"
"18.10.2017 22:00 - 18.10.2017 23:00","14964","14620"
"18.10.2017 23:00 - 19.10.2017 00:00","14081","13826"
"19.10.2017 00:00 - 19.10.2017 01:00","13524","13232"
"19.10.2017 01:00 - 19.10.2017 02:00","13245","13034"
"19.10.2017 02:00 - 19.10.2017 03:00","13162","12962"
"19.10.2017 03:00 - 19.10.2017 04:00","13217","12933"
"19.10.2017 04:00 - 19.10.2017 05:00","13452","13103"
"19.10.2017 05:00 - 19.10.2017 06:00","14257","13869"
"19.10.2017 06:00 - 19.10.2017 07:00","16315","16097"
"19.10.2017 07:00 - 19.10.2017 08:00","18013","17503"
"19.10.2017 08:00 - 19.10.2017 09:00","18428","17694"
"19.10.2017 09:00 - 19.10.2017 10:00","18232","17982"
"19.10.2017 10:00 - 19.10.2017 11:00","18102","18311"
"19.10.2017 11:00 - 19.10.2017 12:00","17885","17318"
"19.10.2017 12:00 - 19.10.2017 13:00","17571","17071"
"19.10.2017 13:00 - 19.10.2017 14:00","17371","16529"
"19.10.2017 14:00 - 19.10.2017 15:00","17178","16504"
"19.10.2017 15:00 - 19.10.2017 16:00","17227","16600"
"19.10.2017 16:00 - 19.10.2017 17:00","17325","16432"
"19.10.2017 17:00 - 19.10.2017 18:00","17870","17063"
"19.10.2017 18:00 - 19.10.2017 19:00","18412","17412"
"19.10.2017 19:00 - 19.10.2017 20:00","18352","17232"
"19.10.2017 20:00 - 19.10.2017 21:00","17637","16648"
"19.10.2017 21:00 - 19.10.2017 22:00","16825","16023"
"19.10.2017 22:00 - 19.10.2017 23:00","15762","15028"
"19.10.2017 23:00 - 20.10.2017 00:00","14753","14024"
"20.10.2017 00:00 - 20.10.2017 01:00","14071","13408"
"20.10.2017 01:00 - 20.10.2017 02:00","13737","13057"
"20.10.2017 02:00 - 20.10.2017 03:00","13598","13024"
"20.10.2017 03:00 - 20.10.2017 04:00","13605","13138"
"20.10.2017 04:00 - 20.10.2017 05:00","13746","13324"
"20.10.2017 05:00 - 20.10.2017 06:00","14460","14474"
"20.10.2017 06:00 - 20.10.2017 07:00","16263","16432"
"20.10.2017 07:00 - 20.10.2017 08:00","17842","18049"
"20.10.2017 08:00 - 20.10.2017 09:00","18193","18040"
"20.10.2017 09:00 - 20.10.2017 10:00","18080","18143"
"20.10.2017 10:00 - 20.10.2017 11:00","18136","18107"
"20.10.2017 11:00 - 20.10.2017 12:00","18011","17800"
"20.10.2017 12:00 - 20.10.2017 13:00","17754","17428"
"20.10.2017 13:00 - 20.10.2017 14:00","17491","16930"
"20.10.2017 14:00 - 20.10.2017 15:00","17208","16651"
"20.10.2017 15:00 - 20.10.2017 16:00","17013","16515"
"20.10.2017 16:00 - 20.10.2017 17:00","16919","16635"
"20.10.2017 17:00 - 20.10.2017 18:00","17408","17169"
"20.10.2017 18:00 - 20.10.2017 19:00","17690","17282"
"20.10.2017 19:00 - 20.10.2017 20:00","17401","16791"
"20.10.2017 20:00 - 20.10.2017 21:00","16375","16003"
"20.10.2017 21:00 - 20.10.2017 22:00","15613","15226"
"20.10.2017 22:00 - 20.10.2017 23:00","14855","14507"
"20.10.2017 23:00 - 21.10.2017 00:00","14119","13724"
"21.10.2017 00:00 - 21.10.2017 01:00","13268","12853"
"21.10.2017 01:00 - 21.10.2017 02:00","12871","12818"
"21.10.2017 02:00 - 21.10.2017 03:00","12696","12702"
"21.10.2017 03:00 - 21.10.2017 04:00","12611","12791"
"21.10.2017 04:00 - 21.10.2017 05:00","12627","12835"
"21.10.2017 05:00 - 21.10.2017 06:00","12793","12954"
"21.10.2017 06:00 - 21.10.2017 07:00","13319","13518"
"21.10.2017 07:00 - 21.10.2017 08:00","13813","14158"
"21.10.2017 08:00 - 21.10.2017 09:00","14359","14571"
"21.10.2017 09:00 - 21.10.2017 10:00","14920","15323"
"21.10.2017 10:00 - 21.10.2017 11:00","15325","15667"
"21.10.2017 11:00 - 21.10.2017 12:00","15463","15643"
"21.10.2017 12:00 - 21.10.2017 13:00","15423","15397"
"21.10.2017 13:00 - 21.10.2017 14:00","15266","15011"
"21.10.2017 14:00 - 21.10.2017 15:00","15066","14908"
"21.10.2017 15:00 - 21.10.2017 16:00","15038","14829"
"21.10.2017 16:00 - 21.10.2017 17:00","15239","15044"
"21.10.2017 17:00 - 21.10.2017 18:00","15692","15797"
"21.10.2017 18:00 - 21.10.2017 19:00","16055","16181"
"21.10.2017 19:00 - 21.10.2017 20:00","15958","15698"
"21.10.2017 20:00 - 21.10.2017 21:00","15450","15066"
"21.10.2017 21:00 - 21.10.2017 22:00","14879","14339"
"21.10.2017 22:00 - 21.10.2017 23:00","14272","13728"
"21.10.2017 23:00 - 22.10.2017 00:00","13713","13313"
"22.10.2017 00:00 - 22.10.2017 01:00","13014","12788"
"22.10.2017 01:00 - 22.10.2017 02:00","12671","12561"
"22.10.2017 02:00 - 22.10.2017 03:00","12498","12423"
"22.10.2017 03:00 - 22.10.2017 04:00","12455","12319"
"22.10.2017 04:00 - 22.10.2017 05:00","12483","12269"
"22.10.2017 05:00 - 22.10.2017 06:00","12637","12579"
"22.10.2017 06:00 - 22.10.2017 07:00","12949","13115"
"22.10.2017 07:00 - 22.10.2017 08:00","13318","13574"
"22.10.2017 08:00 - 22.10.2017 09:00","13827","14534"
"22.10.2017 09:00 - 22.10.2017 10:00","14491","14805"
"22.10.2017 10:00 - 22.10.2017 11:00","15002","15213"
"22.10.2017 11:00 - 22.10.2017 12:00","15347","15466"
"22.10.2017 12:00 - 22.10.2017 13:00","15464","15426"
"22.10.2017 13:00 - 22.10.2017 14:00","15396","15334"
"22.10.2017 14:00 - 22.10.2017 15:00","15335","15181"
"22.10.2017 15:00 - 22.10.2017 16:00","15361","15260"
"22.10.2017 16:00 - 22.10.2017 17:00","15690","15491"
"22.10.2017 17:00 - 22.10.2017 18:00","16169","16307"
"22.10.2017 18:00 - 22.10.2017 19:00","16464","16743"
"22.10.2017 19:00 - 22.10.2017 20:00","16446","16506"
"22.10.2017 20:00 - 22.10.2017 21:00","16008","16026"
"22.10.2017 21:00 - 22.10.2017 22:00","15384","15157"
"22.10.2017 22:00 - 22.10.2017 23:00","14612","14290"
"22.10.2017 23:00 - 23.10.2017 00:00","13823","13617"
"23.10.2017 00:00 - 23.10.2017 01:00","13321","12972"
"23.10.2017 01:00 - 23.10.2017 02:00","13116","12894"
"23.10.2017 02:00 - 23.10.2017 03:00","13052","12819"
"23.10.2017 03:00 - 23.10.2017 04:00","13105","12938"
"23.10.2017 04:00 - 23.10.2017 05:00","13321","13162"
"23.10.2017 05:00 - 23.10.2017 06:00","14045","14140"
"23.10.2017 06:00 - 23.10.2017 07:00","15759","15664"
"23.10.2017 07:00 - 23.10.2017 08:00","17375","17891"
"23.10.2017 08:00 - 23.10.2017 09:00","17899","18362"
"23.10.2017 09:00 - 23.10.2017 10:00","18035","18479"
"23.10.2017 10:00 - 23.10.2017 11:00","18205","18326"
"23.10.2017 11:00 - 23.10.2017 12:00","18247","18211"
"23.10.2017 12:00 - 23.10.2017 13:00","18111","17738"
"23.10.2017 13:00 - 23.10.2017 14:00","17979","17576"
"23.10.2017 14:00 - 23.10.2017 15:00","17934","17655"
"23.10.2017 15:00 - 23.10.2017 16:00","17952","17775"
"23.10.2017 16:00 - 23.10.2017 17:00","18048","17821"
"23.10.2017 17:00 - 23.10.2017 18:00","18357","18431"
"23.10.2017 18:00 - 23.10.2017 19:00","18485","18831"
"23.10.2017 19:00 - 23.10.2017 20:00","18293","18358"
"23.10.2017 20:00 - 23.10.2017 21:00","17731","17325"
"23.10.2017 21:00 - 23.10.2017 22:00","16911","16540"
"23.10.2017 22:00 - 23.10.2017 23:00","15907","15736"
"23.10.2017 23:00 - 24.10.2017 00:00","14948","14814"
"24.10.2017 00:00 - 24.10.2017 01:00","14355","13701"
"24.10.2017 01:00 - 24.10.2017 02:00","14000","13681"
"24.10.2017 02:00 - 24.10.2017 03:00","13868","13588"
"24.10.2017 03:00 - 24.10.2017 04:00","13850","13805"
"24.10.2017 04:00 - 24.10.2017 05:00","13992","13551"
"24.10.2017 05:00 - 24.10.2017 06:00","14625","14032"
"24.10.2017 06:00 - 24.10.2017 07:00","16281","16267"
"24.10.2017 07:00 - 24.10.2017 08:00","17854","17882"
"24.10.2017 08:00 - 24.10.2017 09:00","18289","18047"
"24.10.2017 09:00 - 24.10.2017 10:00","18324","17912"
"24.10.2017 10:00 - 24.10.2017 11:00","18414","18001"
"24.10.2017 11:00 - 24.10.2017 12:00","18384","17951"
"24.10.2017 12:00 - 24.10.2017 13:00","18265","17820"
"24.10.2017 13:00 - 24.10.2017 14:00","18170","17767"
"24.10.2017 14:00 - 24.10.2017 15:00","18095","17649"
"24.10.2017 15:00 - 24.10.2017 16:00","18143","17504"
"24.10.2017 16:00 - 24.10.2017 17:00","18207","17350"
"24.10.2017 17:00 - 24.10.2017 18:00","18498","18024"
"24.10.2017 18:00 - 24.10.2017 19:00","18557","18083"
"24.10.2017 19:00 - 24.10.2017 20:00","18299","17627"
"24.10.2017 20:00 - 24.10.2017 21:00","17678","17041"
"24.10.2017 21:00 - 24.10.2017 22:00","16815","15910"
"24.10.2017 22:00 - 24.10.2017 23:00","15745","14708"
"24.10.2017 23:00 - 25.10.2017 00:00","14724","13861"
"25.10.2017 00:00 - 25.10.2017 01:00","14215","12714"
"25.10.2017 01:00 - 25.10.2017 02:00","13808","13190"
"25.10.2017 02:00 - 25.10.2017 03:00","13617","13130"
"25.10.2017 03:00 - 25.10.2017 04:00","13562","13106"
"25.10.2017 04:00 - 25.10.2017 05:00","13654","13199"
"25.10.2017 05:00 - 25.10.2017 06:00","14248","14035"
"25.10.2017 06:00 - 25.10.2017 07:00","15853","16058"
"25.10.2017 07:00 - 25.10.2017 08:00","17411","17889"
"25.10.2017 08:00 - 25.10.2017 09:00","17815","17866"
"25.10.2017 09:00 - 25.10.2017 10:00","17810","17941"
"25.10.2017 10:00 - 25.10.2017 11:00","17895","18103"
"25.10.2017 11:00 - 25.10.2017 12:00","17855","18085"
"25.10.2017 12:00 - 25.10.2017 13:00","17705","17485"
"25.10.2017 13:00 - 25.10.2017 14:00","17572","17320"
"25.10.2017 14:00 - 25.10.2017 15:00","17464","17562"
"25.10.2017 15:00 - 25.10.2017 16:00","17491","17282"
"25.10.2017 16:00 - 25.10.2017 17:00","17589","16919"
"25.10.2017 17:00 - 25.10.2017 18:00","17885","17390"
"25.10.2017 18:00 - 25.10.2017 19:00","17973","17745"
"25.10.2017 19:00 - 25.10.2017 20:00","17775","17388"
"25.10.2017 20:00 - 25.10.2017 21:00","17217","16679"
"25.10.2017 21:00 - 25.10.2017 22:00","16415","15779"
"25.10.2017 22:00 - 25.10.2017 23:00","15407","14693"
"25.10.2017 23:00 - 26.10.2017 00:00","14438","14019"
"26.10.2017 00:00 - 26.10.2017 01:00","13565","13325"
"26.10.2017 01:00 - 26.10.2017 02:00","13195","13355"
"26.10.2017 02:00 - 26.10.2017 03:00","13042","13085"
"26.10.2017 03:00 - 26.10.2017 04:00","13025","13067"
"26.10.2017 04:00 - 26.10.2017 05:00","13154","13218"
"26.10.2017 05:00 - 26.10.2017 06:00","13775","14017"
"26.10.2017 06:00 - 26.10.2017 07:00","15399","16127"
"26.10.2017 07:00 - 26.10.2017 08:00","16988","17764"
"26.10.2017 08:00 - 26.10.2017 09:00","17460","17796"
"26.10.2017 09:00 - 26.10.2017 10:00","17489","17583"
"26.10.2017 10:00 - 26.10.2017 11:00","17565","17547"
"26.10.2017 11:00 - 26.10.2017 12:00","17505","17277"
"26.10.2017 12:00 - 26.10.2017 13:00","17341","17165"
"26.10.2017 13:00 - 26.10.2017 14:00","17164","17127"
"26.10.2017 14:00 - 26.10.2017 15:00","17061","16910"
"26.10.2017 15:00 - 26.10.2017 16:00","17125","16911"
"26.10.2017 16:00 - 26.10.2017 17:00","17264","17005"
"26.10.2017 17:00 - 26.10.2017 18:00","17612","17502"
"26.10.2017 18:00 - 26.10.2017 19:00","17728","17845"
"26.10.2017 19:00 - 26.10.2017 20:00","17556","17431"
"26.10.2017 20:00 - 26.10.2017 21:00","17012","16736"
"26.10.2017 21:00 - 26.10.2017 22:00","16193","16004"
"26.10.2017 22:00 - 26.10.2017 23:00","15175","14985"
"26.10.2017 23:00 - 27.10.2017 00:00","14211","14118"
"27.10.2017 00:00 - 27.10.2017 01:00","13571","13163"
"27.10.2017 01:00 - 27.10.2017 02:00","13227","13209"
"27.10.2017 02:00 - 27.10.2017 03:00","13119","12910"
"27.10.2017 03:00 - 27.10.2017 04:00","13130","12989"
"27.10.2017 04:00 - 27.10.2017 05:00","13303","13126"
"27.10.2017 05:00 - 27.10.2017 06:00","13943","13992"
"27.10.2017 06:00 - 27.10.2017 07:00","15600","15970"
"27.10.2017 07:00 - 27.10.2017 08:00","17217","17623"
"27.10.2017 08:00 - 27.10.2017 09:00","17757","17861"
"27.10.2017 09:00 - 27.10.2017 10:00","17910","18013"
"27.10.2017 10:00 - 27.10.2017 11:00","18000","17998"
"27.10.2017 11:00 - 27.10.2017 12:00","17877","17678"
"27.10.2017 12:00 - 27.10.2017 13:00","17601","17295"
"27.10.2017 13:00 - 27.10.2017 14:00","17274","16770"
"27.10.2017 14:00 - 27.10.2017 15:00","17025","16417"
"27.10.2017 15:00 - 27.10.2017 16:00","16830","16491"
"27.10.2017 16:00 - 27.10.2017 17:00","16852","16677"
"27.10.2017 17:00 - 27.10.2017 18:00","17200","17137"
"27.10.2017 18:00 - 27.10.2017 19:00","17391","17309"
"27.10.2017 19:00 - 27.10.2017 20:00","17068","16368"
"27.10.2017 20:00 - 27.10.2017 21:00","16395","15387"
"27.10.2017 21:00 - 27.10.2017 22:00","15670","14801"
"27.10.2017 22:00 - 27.10.2017 23:00","14940","14239"
"27.10.2017 23:00 - 28.10.2017 00:00","14235","13423"
"28.10.2017 00:00 - 28.10.2017 01:00","13542","12472"
"28.10.2017 01:00 - 28.10.2017 02:00","13100","12805"
"28.10.2017 02:00 - 28.10.2017 03:00","12885","12443"
"28.10.2017 03:00 - 28.10.2017 04:00","12784","12406"
"28.10.2017 04:00 - 28.10.2017 05:00","12771","12464"
"28.10.2017 05:00 - 28.10.2017 06:00","12906","12691"
"28.10.2017 06:00 - 28.10.2017 07:00","13320","13351"
"28.10.2017 07:00 - 28.10.2017 08:00","13835","14100"
"28.10.2017 08:00 - 28.10.2017 09:00","14391","14362"
"28.10.2017 09:00 - 28.10.2017 10:00","15035","14837"
"28.10.2017 10:00 - 28.10.2017 11:00","15487","15219"
"28.10.2017 11:00 - 28.10.2017 12:00","15633","15216"
"28.10.2017 12:00 - 28.10.2017 13:00","15558","14947"
"28.10.2017 13:00 - 28.10.2017 14:00","15389","14728"
"28.10.2017 14:00 - 28.10.2017 15:00","15181","14585"
"28.10.2017 15:00 - 28.10.2017 16:00","15212","14670"
"28.10.2017 16:00 - 28.10.2017 17:00","15498","14901"
"28.10.2017 17:00 - 28.10.2017 18:00","16020","15808"
"28.10.2017 18:00 - 28.10.2017 19:00","16341","16166"
"28.10.2017 19:00 - 28.10.2017 20:00","16187","15630"
"28.10.2017 20:00 - 28.10.2017 21:00","15707","15131"
"28.10.2017 21:00 - 28.10.2017 22:00","15142","14802"
"28.10.2017 22:00 - 28.10.2017 23:00","14536","14392"
"28.10.2017 23:00 - 29.10.2017 00:00","13967","13839"
"29.10.2017 00:00 - 29.10.2017 01:00","13507","12780"
"29.10.2017 01:00 - 29.10.2017 02:00","13234","12893"
"29.10.2017 02:00 - 29.10.2017 03:00","13099","12663"
"29.10.2017 02:00 - 29.10.2017 03:00","13079","12398"
"29.10.2017 03:00 - 29.10.2017 04:00","13093","12536"
"29.10.2017 04:00 - 29.10.2017 05:00","13172","13041"
"29.10.2017 05:00 - 29.10.2017 06:00","13370","13338"
"29.10.2017 06:00 - 29.10.2017 07:00","13765","13880"
"29.10.2017 07:00 - 29.10.2017 08:00","14189","14273"
"29.10.2017 08:00 - 29.10.2017 09:00","14717","14974"
"29.10.2017 09:00 - 29.10.2017 10:00","15325","15546"
"29.10.2017 10:00 - 29.10.2017 11:00","15691","15636"
"29.10.2017 11:00 - 29.10.2017 12:00","15887","15607"
"29.10.2017 12:00 - 29.10.2017 13:00","15895","15571"
"29.10.2017 13:00 - 29.10.2017 14:00","15831","15591"
"29.10.2017 14:00 - 29.10.2017 15:00","15899","15573"
"29.10.2017 15:00 - 29.10.2017 16:00","16058","15708"
"29.10.2017 16:00 - 29.10.2017 17:00","16663","16500"
"29.10.2017 17:00 - 29.10.2017 18:00","17247","17474"
"29.10.2017 18:00 - 29.10.2017 19:00","17528","17260"
"29.10.2017 19:00 - 29.10.2017 20:00","17425","17024"
"29.10.2017 20:00 - 29.10.2017 21:00","17003","16303"
"29.10.2017 21:00 - 29.10.2017 22:00","16409","15931"
"29.10.2017 22:00 - 29.10.2017 23:00","15674","15315"
"29.10.2017 23:00 - 30.10.2017 00:00","14929","14676"
"30.10.2017 00:00 - 30.10.2017 01:00","14595","13958"
"30.10.2017 01:00 - 30.10.2017 02:00","14418","14601"
"30.10.2017 02:00 - 30.10.2017 03:00","14407","14456"
"30.10.2017 03:00 - 30.10.2017 04:00","14500","14601"
"30.10.2017 04:00 - 30.10.2017 05:00","14994","14747"
"30.10.2017 05:00 - 30.10.2017 06:00","15737","15568"
"30.10.2017 06:00 - 30.10.2017 07:00","17664","17616"
"30.10.2017 07:00 - 30.10.2017 08:00","19365","18877"
"30.10.2017 08:00 - 30.10.2017 09:00","19927","19060"
"30.10.2017 09:00 - 30.10.2017 10:00","19733","18779"
"30.10.2017 10:00 - 30.10.2017 11:00","19459","18796"
"30.10.2017 11:00 - 30.10.2017 12:00","19268","18554"
"30.10.2017 12:00 - 30.10.2017 13:00","18933","18174"
"30.10.2017 13:00 - 30.10.2017 14:00","18831","18074"
"30.10.2017 14:00 - 30.10.2017 15:00","18866","18274"
"30.10.2017 15:00 - 30.10.2017 16:00","19106","18666"
"30.10.2017 16:00 - 30.10.2017 17:00","19570","19277"
"30.10.2017 17:00 - 30.10.2017 18:00","20129","19888"
"30.10.2017 18:00 - 30.10.2017 19:00","20210","19600"
"30.10.2017 19:00 - 30.10.2017 20:00","19951","19073"
"30.10.2017 20:00 - 30.10.2017 21:00","19300","18520"
"30.10.2017 21:00 - 30.10.2017 22:00","18418","17806"
"30.10.2017 22:00 - 30.10.2017 23:00","17455","16840"
"30.10.2017 23:00 - 31.10.2017 00:00","16550","16011"
"31.10.2017 00:00 - 31.10.2017 01:00","15602","15265"
"31.10.2017 01:00 - 31.10.2017 02:00","15283","15336"
"31.10.2017 02:00 - 31.10.2017 03:00","15196","15173"
"31.10.2017 03:00 - 31.10.2017 04:00","15197","15330"
"31.10.2017 04:00 - 31.10.2017 05:00","15360","15235"
"31.10.2017 05:00 - 31.10.2017 06:00","15977","15876"
"31.10.2017 06:00 - 31.10.2017 07:00","17550","17766"
"31.10.2017 07:00 - 31.10.2017 08:00","19061","19106"
"31.10.2017 08:00 - 31.10.2017 09:00","19393","19177"
"31.10.2017 09:00 - 31.10.2017 10:00","19264","19055"
"31.10.2017 10:00 - 31.10.2017 11:00","19174","18948"
"31.10.2017 11:00 - 31.10.2017 12:00","18990","18791"
"31.10.2017 12:00 - 31.10.2017 13:00","18760","18282"
"31.10.2017 13:00 - 31.10.2017 14:00","18640","18296"
"31.10.2017 14:00 - 31.10.2017 15:00","18602","18218"
"31.10.2017 15:00 - 31.10.2017 16:00","18800","18304"
"31.10.2017 16:00 - 31.10.2017 17:00","19058","18783"
"31.10.2017 17:00 - 31.10.2017 18:00","19415","19212"
"31.10.2017 18:00 - 31.10.2017 19:00","19401","18610"
"31.10.2017 19:00 - 31.10.2017 20:00","19095","17953"
"31.10.2017 20:00 - 31.10.2017 21:00","18497","17381"
"31.10.2017 21:00 - 31.10.2017 22:00","17663","16516"
"31.10.2017 22:00 - 31.10.2017 23:00","16654","15291"
"31.10.2017 23:00 - 01.11.2017 00:00","15681","14270"
"01.11.2017 00:00 - 01.11.2017 01:00","15117","13597"
"01.11.2017 01:00 - 01.11.2017 02:00","14704","13707"
"01.11.2017 02:00 - 01.11.2017 03:00","14501","13563"
"01.11.2017 03:00 - 01.11.2017 04:00","14414","13795"
"01.11.2017 04:00 - 01.11.2017 05:00","14498","14056"
"01.11.2017 05:00 - 01.11.2017 06:00","15035","14860"
"01.11.2017 06:00 - 01.11.2017 07:00","16545","16649"
"01.11.2017 07:00 - 01.11.2017 08:00","18002","17705"
"01.11.2017 08:00 - 01.11.2017 09:00","18373","17879"
"01.11.2017 09:00 - 01.11.2017 10:00","18336","17944"
"01.11.2017 10:00 - 01.11.2017 11:00","18340","18132"
"01.11.2017 11:00 - 01.11.2017 12:00","18251","18175"
"01.11.2017 12:00 - 01.11.2017 13:00","18065","18011"
"01.11.2017 13:00 - 01.11.2017 14:00","17941","17730"
"01.11.2017 14:00 - 01.11.2017 15:00","17874","17582"
"01.11.2017 15:00 - 01.11.2017 16:00","17976","17731"
"01.11.2017 16:00 - 01.11.2017 17:00","18102","18226"
"01.11.2017 17:00 - 01.11.2017 18:00","18264","18623"
"01.11.2017 18:00 - 01.11.2017 19:00","18101","18210"
"01.11.2017 19:00 - 01.11.2017 20:00","17682","17700"
"01.11.2017 20:00 - 01.11.2017 21:00","17045","16920"
"01.11.2017 21:00 - 01.11.2017 22:00","16183","15842"
"01.11.2017 22:00 - 01.11.2017 23:00","15164","14771"
"01.11.2017 23:00 - 02.11.2017 00:00","14202","14029"
"02.11.2017 00:00 - 02.11.2017 01:00","13654","13497"
"02.11.2017 01:00 - 02.11.2017 02:00","13287","13296"
"02.11.2017 02:00 - 02.11.2017 03:00","13178","13254"
"02.11.2017 03:00 - 02.11.2017 04:00","13174","13222"
"02.11.2017 04:00 - 02.11.2017 05:00","13315","13270"
"02.11.2017 05:00 - 02.11.2017 06:00","13869","14213"
"02.11.2017 06:00 - 02.11.2017 07:00","15344","15797"
"02.11.2017 07:00 - 02.11.2017 08:00","16798","16926"
"02.11.2017 08:00 - 02.11.2017 09:00","17220","16895"
"02.11.2017 09:00 - 02.11.2017 10:00","17260","17064"
"02.11.2017 10:00 - 02.11.2017 11:00","17353","17193"
"02.11.2017 11:00 - 02.11.2017 12:00","17340","17154"
"02.11.2017 12:00 - 02.11.2017 13:00","17231","17385"
"02.11.2017 13:00 - 02.11.2017 14:00","17178","17326"
"02.11.2017 14:00 - 02.11.2017 15:00","17184","17291"
"02.11.2017 15:00 - 02.11.2017 16:00","17351","17558"
"02.11.2017 16:00 - 02.11.2017 17:00","17587","18037"
"02.11.2017 17:00 - 02.11.2017 18:00","17909","18228"
"02.11.2017 18:00 - 02.11.2017 19:00","17893","18191"
"02.11.2017 19:00 - 02.11.2017 20:00","17620","17899"
"02.11.2017 20:00 - 02.11.2017 21:00","17146","17530"
"02.11.2017 21:00 - 02.11.2017 22:00","16467","16735"
"02.11.2017 22:00 - 02.11.2017 23:00","15609","15905"
"02.11.2017 23:00 - 03.11.2017 00:00","14786","15279"
"03.11.2017 00:00 - 03.11.2017 01:00","13793","14261"
"03.11.2017 01:00 - 03.11.2017 02:00","13593","14256"
"03.11.2017 02:00 - 03.11.2017 03:00","13573","14334"
"03.11.2017 03:00 - 03.11.2017 04:00","13691","14472"
"03.11.2017 04:00 - 03.11.2017 05:00","13960","14408"
"03.11.2017 05:00 - 03.11.2017 06:00","14711","15250"
"03.11.2017 06:00 - 03.11.2017 07:00","16323","16962"
"03.11.2017 07:00 - 03.11.2017 08:00","17564","18282"
"03.11.2017 08:00 - 03.11.2017 09:00","18059","18334"
"03.11.2017 09:00 - 03.11.2017 10:00","18038","18137"
"03.11.2017 10:00 - 03.11.2017 11:00","17979","18119"
"03.11.2017 11:00 - 03.11.2017 12:00","17676","17857"
"03.11.2017 12:00 - 03.11.2017 13:00","17325","17529"
"03.11.2017 13:00 - 03.11.2017 14:00","17015","17084"
"03.11.2017 14:00 - 03.11.2017 15:00","16898","17017"
"03.11.2017 15:00 - 03.11.2017 16:00","17028","17341"
"03.11.2017 16:00 - 03.11.2017 17:00","17682","17714"
"03.11.2017 17:00 - 03.11.2017 18:00","17996","17884"
"03.11.2017 18:00 - 03.11.2017 19:00","17483","17422"
"03.11.2017 19:00 - 03.11.2017 20:00","16834","16790"
"03.11.2017 20:00 - 03.11.2017 21:00","16068","15928"
"03.11.2017 21:00 - 03.11.2017 22:00","15379","15080"
"03.11.2017 22:00 - 03.11.2017 23:00","14708","14226"
"03.11.2017 23:00 - 04.11.2017 00:00","14049","13737"
"04.11.2017 00:00 - 04.11.2017 01:00","13376","13317"
"04.11.2017 01:00 - 04.11.2017 02:00","13105","13200"
"04.11.2017 02:00 - 04.11.2017 03:00","12976","13118"
"04.11.2017 03:00 - 04.11.2017 04:00","12956","13036"
"04.11.2017 04:00 - 04.11.2017 05:00","13046","13180"
"04.11.2017 05:00 - 04.11.2017 06:00","13257","13361"
"04.11.2017 06:00 - 04.11.2017 07:00","13710","13968"
"04.11.2017 07:00 - 04.11.2017 08:00","14069","14374"
"04.11.2017 08:00 - 04.11.2017 09:00","14596","14783"
"04.11.2017 09:00 - 04.11.2017 10:00","15135","15320"
"04.11.2017 10:00 - 04.11.2017 11:00","15437","15617"
"04.11.2017 11:00 - 04.11.2017 12:00","15498","15621"
"04.11.2017 12:00 - 04.11.2017 13:00","15448","15561"
"04.11.2017 13:00 - 04.11.2017 14:00","15364","15375"
"04.11.2017 14:00 - 04.11.2017 15:00","15293","15328"
"04.11.2017 15:00 - 04.11.2017 16:00","15596","15506"
"04.11.2017 16:00 - 04.11.2017 17:00","16301","16088"
"04.11.2017 17:00 - 04.11.2017 18:00","16601","16336"
"04.11.2017 18:00 - 04.11.2017 19:00","16315","16029"
"04.11.2017 19:00 - 04.11.2017 20:00","15853","15732"
"04.11.2017 20:00 - 04.11.2017 21:00","15360","14960"
"04.11.2017 21:00 - 04.11.2017 22:00","14812","14540"
"04.11.2017 22:00 - 04.11.2017 23:00","14245","13915"
"04.11.2017 23:00 - 05.11.2017 00:00","13684","13506"
"05.11.2017 00:00 - 05.11.2017 01:00","13304","13126"
"05.11.2017 01:00 - 05.11.2017 02:00","12952","12969"
"05.11.2017 02:00 - 05.11.2017 03:00","12781","12842"
"05.11.2017 03:00 - 05.11.2017 04:00","12695","12742"
"05.11.2017 04:00 - 05.11.2017 05:00","12743","12815"
"05.11.2017 05:00 - 05.11.2017 06:00","12879","12865"
"05.11.2017 06:00 - 05.11.2017 07:00","13152","13380"
"05.11.2017 07:00 - 05.11.2017 08:00","13449","13596"
"05.11.2017 08:00 - 05.11.2017 09:00","13852","13883"
"05.11.2017 09:00 - 05.11.2017 10:00","14417","14728"
"05.11.2017 10:00 - 05.11.2017 11:00","14801","15278"
"05.11.2017 11:00 - 05.11.2017 12:00","15014","15586"
"05.11.2017 12:00 - 05.11.2017 13:00","15072","15724"
"05.11.2017 13:00 - 05.11.2017 14:00","15012","15695"
"05.11.2017 14:00 - 05.11.2017 15:00","14981","15729"
"05.11.2017 15:00 - 05.11.2017 16:00","15143","16071"
"05.11.2017 16:00 - 05.11.2017 17:00","15704","16817"
"05.11.2017 17:00 - 05.11.2017 18:00","16149","16971"
"05.11.2017 18:00 - 05.11.2017 19:00","16291","16758"
"05.11.2017 19:00 - 05.11.2017 20:00","16130","16299"
"05.11.2017 20:00 - 05.11.2017 21:00","15712","15738"
"05.11.2017 21:00 - 05.11.2017 22:00","15107","15161"
"05.11.2017 22:00 - 05.11.2017 23:00","14422","14293"
"05.11.2017 23:00 - 06.11.2017 00:00","13741","13533"
"06.11.2017 00:00 - 06.11.2017 01:00","13229","12873"
"06.11.2017 01:00 - 06.11.2017 02:00","13037","12877"
"06.11.2017 02:00 - 06.11.2017 03:00","13094","12950"
"06.11.2017 03:00 - 06.11.2017 04:00","13223","12989"
"06.11.2017 04:00 - 06.11.2017 05:00","13560","13210"
"06.11.2017 05:00 - 06.11.2017 06:00","14304","14080"
"06.11.2017 06:00 - 06.11.2017 07:00","16037","15984"
"06.11.2017 07:00 - 06.11.2017 08:00","17653","17633"
"06.11.2017 08:00 - 06.11.2017 09:00","18215","18049"
"06.11.2017 09:00 - 06.11.2017 10:00","18230","17899"
"06.11.2017 10:00 - 06.11.2017 11:00","18210","18131"
"06.11.2017 11:00 - 06.11.2017 12:00","17988","18014"
"06.11.2017 12:00 - 06.11.2017 13:00","17682","17913"
"06.11.2017 13:00 - 06.11.2017 14:00","17590","17851"
"06.11.2017 14:00 - 06.11.2017 15:00","17695","17690"
"06.11.2017 15:00 - 06.11.2017 16:00","18061","17973"
"06.11.2017 16:00 - 06.11.2017 17:00","18590","18534"
"06.11.2017 17:00 - 06.11.2017 18:00","19087","19038"
"06.11.2017 18:00 - 06.11.2017 19:00","19058","18732"
"06.11.2017 19:00 - 06.11.2017 20:00","18756","18511"
"06.11.2017 20:00 - 06.11.2017 21:00","18220","17892"
"06.11.2017 21:00 - 06.11.2017 22:00","17479","17290"
"06.11.2017 22:00 - 06.11.2017 23:00","16543","16110"
"06.11.2017 23:00 - 07.11.2017 00:00","15639","14912"
"07.11.2017 00:00 - 07.11.2017 01:00","15000","14387"
"07.11.2017 01:00 - 07.11.2017 02:00","14694","13975"
"07.11.2017 02:00 - 07.11.2017 03:00","14635","14040"
"07.11.2017 03:00 - 07.11.2017 04:00","14681","14136"
"07.11.2017 04:00 - 07.11.2017 05:00","14908","14549"
"07.11.2017 05:00 - 07.11.2017 06:00","15598","16040"
"07.11.2017 06:00 - 07.11.2017 07:00","17283","18090"
"07.11.2017 07:00 - 07.11.2017 08:00","18876","19090"
"07.11.2017 08:00 - 07.11.2017 09:00","19259","18761"
"07.11.2017 09:00 - 07.11.2017 10:00","19222","18650"
"07.11.2017 10:00 - 07.11.2017 11:00","19149","18692"
"07.11.2017 11:00 - 07.11.2017 12:00","18938","18511"
"07.11.2017 12:00 - 07.11.2017 13:00","18689","18221"
"07.11.2017 13:00 - 07.11.2017 14:00","18599","17992"
"07.11.2017 14:00 - 07.11.2017 15:00","18660","18191"
"07.11.2017 15:00 - 07.11.2017 16:00","19007","18554"
"07.11.2017 16:00 - 07.11.2017 17:00","19516","18947"
"07.11.2017 17:00 - 07.11.2017 18:00","19967","19344"
"07.11.2017 18:00 - 07.11.2017 19:00","19881","19020"
"07.11.2017 19:00 - 07.11.2017 20:00","19530","18686"
"07.11.2017 20:00 - 07.11.2017 21:00","18932","18155"
"07.11.2017 21:00 - 07.11.2017 22:00","18138","17282"
"07.11.2017 22:00 - 07.11.2017 23:00","17156","15888"
"07.11.2017 23:00 - 08.11.2017 00:00","16200","15024"
"08.11.2017 00:00 - 08.11.2017 01:00","15471","14186"
"08.11.2017 01:00 - 08.11.2017 02:00","15154","14089"
"08.11.2017 02:00 - 08.11.2017 03:00","15052","14008"
"08.11.2017 03:00 - 08.11.2017 04:00","15072","14124"
"08.11.2017 04:00 - 08.11.2017 05:00","15251","14263"
"08.11.2017 05:00 - 08.11.2017 06:00","15995","15371"
"08.11.2017 06:00 - 08.11.2017 07:00","17909","17769"
"08.11.2017 07:00 - 08.11.2017 08:00","19412","19104"
"08.11.2017 08:00 - 08.11.2017 09:00","19806","18991"
"08.11.2017 09:00 - 08.11.2017 10:00","19452","18979"
"08.11.2017 10:00 - 08.11.2017 11:00","19316","19079"
"08.11.2017 11:00 - 08.11.2017 12:00","19151","18922"
"08.11.2017 12:00 - 08.11.2017 13:00","18959","18467"
"08.11.2017 13:00 - 08.11.2017 14:00","18865","18416"
"08.11.2017 14:00 - 08.11.2017 15:00","18947","18413"
"08.11.2017 15:00 - 08.11.2017 16:00","19246","19117"
"08.11.2017 16:00 - 08.11.2017 17:00","19898","20709"
"08.11.2017 17:00 - 08.11.2017 18:00","20201","20940"
"08.11.2017 18:00 - 08.11.2017 19:00","19895","19453"
"08.11.2017 19:00 - 08.11.2017 20:00","19283","19073"
"08.11.2017 20:00 - 08.11.2017 21:00","18653","18490"
"08.11.2017 21:00 - 08.11.2017 22:00","17821","17378"
"08.11.2017 22:00 - 08.11.2017 23:00","16818","16284"
"08.11.2017 23:00 - 09.11.2017 00:00","15826","15244"
"09.11.2017 00:00 - 09.11.2017 01:00","15215","14151"
"09.11.2017 01:00 - 09.11.2017 02:00","14818","13896"
"09.11.2017 02:00 - 09.11.2017 03:00","14664","13726"
"09.11.2017 03:00 - 09.11.2017 04:00","14656","13784"
"09.11.2017 04:00 - 09.11.2017 05:00","14848","13727"
"09.11.2017 05:00 - 09.11.2017 06:00","15641","14184"
"09.11.2017 06:00 - 09.11.2017 07:00","17859","16344"
"09.11.2017 07:00 - 09.11.2017 08:00","19500","18085"
"09.11.2017 08:00 - 09.11.2017 09:00","19521","18058"
"09.11.2017 09:00 - 09.11.2017 10:00","19405","17860"
"09.11.2017 10:00 - 09.11.2017 11:00","19474","18393"
"09.11.2017 11:00 - 09.11.2017 12:00","19493","18297"
"09.11.2017 12:00 - 09.11.2017 13:00","19571","18222"
"09.11.2017 13:00 - 09.11.2017 14:00","19444","18323"
"09.11.2017 14:00 - 09.11.2017 15:00","22552","18279"
"09.11.2017 15:00 - 09.11.2017 16:00","22830","18418"
"09.11.2017 16:00 - 09.11.2017 17:00","20095","18897"
"09.11.2017 17:00 - 09.11.2017 18:00","20235","19144"
"09.11.2017 18:00 - 09.11.2017 19:00","19734","18658"
"09.11.2017 19:00 - 09.11.2017 20:00","19159","18189"
"09.11.2017 20:00 - 09.11.2017 21:00","18467","17818"
"09.11.2017 21:00 - 09.11.2017 22:00","17584","16853"
"09.11.2017 22:00 - 09.11.2017 23:00","16502","15813"
"09.11.2017 23:00 - 10.11.2017 00:00","15483","14838"
"10.11.2017 00:00 - 10.11.2017 01:00","14513","14238"
"10.11.2017 01:00 - 10.11.2017 02:00","14128","14200"
"10.11.2017 02:00 - 10.11.2017 03:00","14019","14093"
"10.11.2017 03:00 - 10.11.2017 04:00","14062","13895"
"10.11.2017 04:00 - 10.11.2017 05:00","14292","13906"
"10.11.2017 05:00 - 10.11.2017 06:00","15121","14913"
"10.11.2017 06:00 - 10.11.2017 07:00","17042","16865"
"10.11.2017 07:00 - 10.11.2017 08:00","18820","18542"
"10.11.2017 08:00 - 10.11.2017 09:00","19170","18830"
"10.11.2017 09:00 - 10.11.2017 10:00","19068","18827"
"10.11.2017 10:00 - 10.11.2017 11:00","19027","18911"
"10.11.2017 11:00 - 10.11.2017 12:00","18732","18701"
"10.11.2017 12:00 - 10.11.2017 13:00","18515","18621"
"10.11.2017 13:00 - 10.11.2017 14:00","18471","18331"
"10.11.2017 14:00 - 10.11.2017 15:00","18432","18291"
"10.11.2017 15:00 - 10.11.2017 16:00","18592","18456"
"10.11.2017 16:00 - 10.11.2017 17:00","18869","19003"
"10.11.2017 17:00 - 10.11.2017 18:00","19016","19122"
"10.11.2017 18:00 - 10.11.2017 19:00","18611","18451"
"10.11.2017 19:00 - 10.11.2017 20:00","18058","17956"
"10.11.2017 20:00 - 10.11.2017 21:00","17274","17098"
"10.11.2017 21:00 - 10.11.2017 22:00","16446","16413"
"10.11.2017 22:00 - 10.11.2017 23:00","15702","15622"
"10.11.2017 23:00 - 11.11.2017 00:00","14954","15077"
"11.11.2017 00:00 - 11.11.2017 01:00","13952","14226"
"11.11.2017 01:00 - 11.11.2017 02:00","13543","14157"
"11.11.2017 02:00 - 11.11.2017 03:00","13392","14143"
"11.11.2017 03:00 - 11.11.2017 04:00","13345","14026"
"11.11.2017 04:00 - 11.11.2017 05:00","13460","13707"
"11.11.2017 05:00 - 11.11.2017 06:00","13706","13763"
"11.11.2017 06:00 - 11.11.2017 07:00","14254","14410"
"11.11.2017 07:00 - 11.11.2017 08:00","15101","14821"
"11.11.2017 08:00 - 11.11.2017 09:00","15745","15451"
"11.11.2017 09:00 - 11.11.2017 10:00","16422","16255"
"11.11.2017 10:00 - 11.11.2017 11:00","16852","16534"
"11.11.2017 11:00 - 11.11.2017 12:00","16799","16540"
"11.11.2017 12:00 - 11.11.2017 13:00","16694","16753"
"11.11.2017 13:00 - 11.11.2017 14:00","16639","16722"
"11.11.2017 14:00 - 11.11.2017 15:00","16617","16618"
"11.11.2017 15:00 - 11.11.2017 16:00","16904","16945"
"11.11.2017 16:00 - 11.11.2017 17:00","17702","17550"
"11.11.2017 17:00 - 11.11.2017 18:00","18006","17680"
"11.11.2017 18:00 - 11.11.2017 19:00","17876","17621"
"11.11.2017 19:00 - 11.11.2017 20:00","17289","17260"
"11.11.2017 20:00 - 11.11.2017 21:00","16744","16856"
"11.11.2017 21:00 - 11.11.2017 22:00","16148","16064"
"11.11.2017 22:00 - 11.11.2017 23:00","15584","15523"
"11.11.2017 23:00 - 12.11.2017 00:00","15050","15213"
"12.11.2017 00:00 - 12.11.2017 01:00","14810","14611"
"12.11.2017 01:00 - 12.11.2017 02:00","14483","14484"
"12.11.2017 02:00 - 12.11.2017 03:00","14362","14534"
"12.11.2017 03:00 - 12.11.2017 04:00","14318","14380"
"12.11.2017 04:00 - 12.11.2017 05:00","14397","14459"
"12.11.2017 05:00 - 12.11.2017 06:00","14599","14686"
"12.11.2017 06:00 - 12.11.2017 07:00","14964","15086"
"12.11.2017 07:00 - 12.11.2017 08:00","15366","15581"
"12.11.2017 08:00 - 12.11.2017 09:00","15828","16090"
"12.11.2017 09:00 - 12.11.2017 10:00","16404","16794"
"12.11.2017 10:00 - 12.11.2017 11:00","16787","17026"
"12.11.2017 11:00 - 12.11.2017 12:00","16935","17068"
"12.11.2017 12:00 - 12.11.2017 13:00","16870","16966"
"12.11.2017 13:00 - 12.11.2017 14:00","16841","16797"
"12.11.2017 14:00 - 12.11.2017 15:00","16936","16863"
"12.11.2017 15:00 - 12.11.2017 16:00","17335","17580"
"12.11.2017 16:00 - 12.11.2017 17:00","18118","18330"
"12.11.2017 17:00 - 12.11.2017 18:00","18589","18523"
"12.11.2017 18:00 - 12.11.2017 19:00","18583","18478"
"12.11.2017 19:00 - 12.11.2017 20:00","18342","18258"
"12.11.2017 20:00 - 12.11.2017 21:00","17890","17881"
"12.11.2017 21:00 - 12.11.2017 22:00","17292","17259"
"12.11.2017 22:00 - 12.11.2017 23:00","16607","16455"
"12.11.2017 23:00 - 13.11.2017 00:00","15926","15513"
"13.11.2017 00:00 - 13.11.2017 01:00","15554","15132"
"13.11.2017 01:00 - 13.11.2017 02:00","15313","15120"
"13.11.2017 02:00 - 13.11.2017 03:00","15326","14974"
"13.11.2017 03:00 - 13.11.2017 04:00","15397","14906"
"13.11.2017 04:00 - 13.11.2017 05:00","15659","15160"
"13.11.2017 05:00 - 13.11.2017 06:00","16344","16152"
"13.11.2017 06:00 - 13.11.2017 07:00","17996","18186"
"13.11.2017 07:00 - 13.11.2017 08:00","19538","19863"
"13.11.2017 08:00 - 13.11.2017 09:00","19983","20149"
"13.11.2017 09:00 - 13.11.2017 10:00","19958","20185"
"13.11.2017 10:00 - 13.11.2017 11:00","19837","20070"
"13.11.2017 11:00 - 13.11.2017 12:00","19606","19785"
"13.11.2017 12:00 - 13.11.2017 13:00","19292","19372"
"13.11.2017 13:00 - 13.11.2017 14:00","19154","19409"
"13.11.2017 14:00 - 13.11.2017 15:00","19196","19376"
"13.11.2017 15:00 - 13.11.2017 16:00","19554","19934"
"13.11.2017 16:00 - 13.11.2017 17:00","20059","20863"
"13.11.2017 17:00 - 13.11.2017 18:00","20443","21094"
"13.11.2017 18:00 - 13.11.2017 19:00","20218","20594"
"13.11.2017 19:00 - 13.11.2017 20:00","19808","20258"
"13.11.2017 20:00 - 13.11.2017 21:00","19244","19529"
"13.11.2017 21:00 - 13.11.2017 22:00","18499","18810"
"13.11.2017 22:00 - 13.11.2017 23:00","17543","18056"
"13.11.2017 23:00 - 14.11.2017 00:00","16616","17284"
"14.11.2017 00:00 - 14.11.2017 01:00","15957","16545"
"14.11.2017 01:00 - 14.11.2017 02:00","15655","16164"
"14.11.2017 02:00 - 14.11.2017 03:00","15592","15977"
"14.11.2017 03:00 - 14.11.2017 04:00","15626","16047"
"14.11.2017 04:00 - 14.11.2017 05:00","15825","16396"
"14.11.2017 05:00 - 14.11.2017 06:00","16469","17226"
"14.11.2017 06:00 - 14.11.2017 07:00","18076","19106"
"14.11.2017 07:00 - 14.11.2017 08:00","19588","20435"
"14.11.2017 08:00 - 14.11.2017 09:00","19930","20270"
"14.11.2017 09:00 - 14.11.2017 10:00","19845","20376"
"14.11.2017 10:00 - 14.11.2017 11:00","19798","20463"
"14.11.2017 11:00 - 14.11.2017 12:00","19705","20178"
"14.11.2017 12:00 - 14.11.2017 13:00","19622","20172"
"14.11.2017 13:00 - 14.11.2017 14:00","19562","20174"
"14.11.2017 14:00 - 14.11.2017 15:00","19607","20368"
"14.11.2017 15:00 - 14.11.2017 16:00","19883","20538"
"14.11.2017 16:00 - 14.11.2017 17:00","20175","20953"
"14.11.2017 17:00 - 14.11.2017 18:00","20355","21195"
"14.11.2017 18:00 - 14.11.2017 19:00","20052","20656"
"14.11.2017 19:00 - 14.11.2017 20:00","19571","20081"
"14.11.2017 20:00 - 14.11.2017 21:00","18935","19252"
"14.11.2017 21:00 - 14.11.2017 22:00","18122","18465"
"14.11.2017 22:00 - 14.11.2017 23:00","17128","17503"
"14.11.2017 23:00 - 15.11.2017 00:00","16158","16681"
"15.11.2017 00:00 - 15.11.2017 01:00","15946","15740"
"15.11.2017 01:00 - 15.11.2017 02:00","15589","15514"
"15.11.2017 02:00 - 15.11.2017 03:00","15487","15409"
"15.11.2017 03:00 - 15.11.2017 04:00","15527","15424"
"15.11.2017 04:00 - 15.11.2017 05:00","15750","15513"
"15.11.2017 05:00 - 15.11.2017 06:00","16445","16277"
"15.11.2017 06:00 - 15.11.2017 07:00","18200","18490"
"15.11.2017 07:00 - 15.11.2017 08:00","19852","20229"
"15.11.2017 08:00 - 15.11.2017 09:00","20203","19947"
"15.11.2017 09:00 - 15.11.2017 10:00","20080","19940"
"15.11.2017 10:00 - 15.11.2017 11:00","20051","19811"
"15.11.2017 11:00 - 15.11.2017 12:00","19930","19731"
"15.11.2017 12:00 - 15.11.2017 13:00","19694","19349"
"15.11.2017 13:00 - 15.11.2017 14:00","19543","19260"
"15.11.2017 14:00 - 15.11.2017 15:00","19611","19248"
"15.11.2017 15:00 - 15.11.2017 16:00","19923","19558"
"15.11.2017 16:00 - 15.11.2017 17:00","20431","20155"
"15.11.2017 17:00 - 15.11.2017 18:00","20829","20646"
"15.11.2017 18:00 - 15.11.2017 19:00","20592","20136"
"15.11.2017 19:00 - 15.11.2017 20:00","20147","19640"
"15.11.2017 20:00 - 15.11.2017 21:00","19529","19204"
"15.11.2017 21:00 - 15.11.2017 22:00","18715","18392"
"15.11.2017 22:00 - 15.11.2017 23:00","17681","17200"
"15.11.2017 23:00 - 16.11.2017 00:00","16664","16266"
"16.11.2017 00:00 - 16.11.2017 01:00","16051","15611"
"16.11.2017 01:00 - 16.11.2017 02:00","15713","15452"
"16.11.2017 02:00 - 16.11.2017 03:00","15635","15551"
"16.11.2017 03:00 - 16.11.2017 04:00","15666","15625"
"16.11.2017 04:00 - 16.11.2017 05:00","15880","15535"
"16.11.2017 05:00 - 16.11.2017 06:00","16571","16919"
"16.11.2017 06:00 - 16.11.2017 07:00","18301","18993"
"16.11.2017 07:00 - 16.11.2017 08:00","19961","20296"
"16.11.2017 08:00 - 16.11.2017 09:00","20345","20488"
"16.11.2017 09:00 - 16.11.2017 10:00","20229","20205"
"16.11.2017 10:00 - 16.11.2017 11:00","20186","19941"
"16.11.2017 11:00 - 16.11.2017 12:00","20065","19630"
"16.11.2017 12:00 - 16.11.2017 13:00","19851","19273"
"16.11.2017 13:00 - 16.11.2017 14:00","19724","19085"
"16.11.2017 14:00 - 16.11.2017 15:00","19803","19152"
"16.11.2017 15:00 - 16.11.2017 16:00","20167","19580"
"16.11.2017 16:00 - 16.11.2017 17:00","20509","20107"
"16.11.2017 17:00 - 16.11.2017 18:00","20681","20083"
"16.11.2017 18:00 - 16.11.2017 19:00","20277","19604"
"16.11.2017 19:00 - 16.11.2017 20:00","19685","19244"
"16.11.2017 20:00 - 16.11.2017 21:00","18923","18492"
"16.11.2017 21:00 - 16.11.2017 22:00","17978","17617"
"16.11.2017 22:00 - 16.11.2017 23:00","16872","16485"
"16.11.2017 23:00 - 17.11.2017 00:00","15845","15668"
"17.11.2017 00:00 - 17.11.2017 01:00","15148","15200"
"17.11.2017 01:00 - 17.11.2017 02:00","14839","14899"
"17.11.2017 02:00 - 17.11.2017 03:00","14776","14730"
"17.11.2017 03:00 - 17.11.2017 04:00","14852","14680"
"17.11.2017 04:00 - 17.11.2017 05:00","15110","15226"
"17.11.2017 05:00 - 17.11.2017 06:00","15822","15909"
"17.11.2017 06:00 - 17.11.2017 07:00","17531","17891"
"17.11.2017 07:00 - 17.11.2017 08:00","19197","19688"
"17.11.2017 08:00 - 17.11.2017 09:00","19651","19792"
"17.11.2017 09:00 - 17.11.2017 10:00","19714","19592"
"17.11.2017 10:00 - 17.11.2017 11:00","19669","19415"
"17.11.2017 11:00 - 17.11.2017 12:00","19430","19047"
"17.11.2017 12:00 - 17.11.2017 13:00","19057","18595"
"17.11.2017 13:00 - 17.11.2017 14:00","18819","18541"
"17.11.2017 14:00 - 17.11.2017 15:00","18649","18386"
"17.11.2017 15:00 - 17.11.2017 16:00","18841","18456"
"17.11.2017 16:00 - 17.11.2017 17:00","19240","19243"
"17.11.2017 17:00 - 17.11.2017 18:00","19411","19199"
"17.11.2017 18:00 - 17.11.2017 19:00","19060","18653"
"17.11.2017 19:00 - 17.11.2017 20:00","18427","18078"
"17.11.2017 20:00 - 17.11.2017 21:00","17719","17448"
"17.11.2017 21:00 - 17.11.2017 22:00","16978","16708"
"17.11.2017 22:00 - 17.11.2017 23:00","16253","15744"
"17.11.2017 23:00 - 18.11.2017 00:00","15524","15064"
"18.11.2017 00:00 - 18.11.2017 01:00","14920","14390"
"18.11.2017 01:00 - 18.11.2017 02:00","14571","13995"
"18.11.2017 02:00 - 18.11.2017 03:00","14417","13956"
"18.11.2017 03:00 - 18.11.2017 04:00","14368","14120"
"18.11.2017 04:00 - 18.11.2017 05:00","14413","14120"
"18.11.2017 05:00 - 18.11.2017 06:00","14585","13128"
"18.11.2017 06:00 - 18.11.2017 07:00","15039","14783"
"18.11.2017 07:00 - 18.11.2017 08:00","15657","15332"
"18.11.2017 08:00 - 18.11.2017 09:00","16232","16130"
"18.11.2017 09:00 - 18.11.2017 10:00","16887","16912"
"18.11.2017 10:00 - 18.11.2017 11:00","17288","17162"
"18.11.2017 11:00 - 18.11.2017 12:00","17447","17214"
"18.11.2017 12:00 - 18.11.2017 13:00","17426","17411"
"18.11.2017 13:00 - 18.11.2017 14:00","17398","17141"
"18.11.2017 14:00 - 18.11.2017 15:00","17353","17127"
"18.11.2017 15:00 - 18.11.2017 16:00","17741","17496"
"18.11.2017 16:00 - 18.11.2017 17:00","18356","18172"
"18.11.2017 17:00 - 18.11.2017 18:00","18606","18346"
"18.11.2017 18:00 - 18.11.2017 19:00","18370","17979"
"18.11.2017 19:00 - 18.11.2017 20:00","17978","17333"
"18.11.2017 20:00 - 18.11.2017 21:00","17487","16763"
"18.11.2017 21:00 - 18.11.2017 22:00","16938","16152"
"18.11.2017 22:00 - 18.11.2017 23:00","16347","15739"
"18.11.2017 23:00 - 19.11.2017 00:00","15799","15168"
"19.11.2017 00:00 - 19.11.2017 01:00","15407","14848"
"19.11.2017 01:00 - 19.11.2017 02:00","15091","14703"
"19.11.2017 02:00 - 19.11.2017 03:00","14937","14509"
"19.11.2017 03:00 - 19.11.2017 04:00","14875","14667"
"19.11.2017 04:00 - 19.11.2017 05:00","14694","14721"
"19.11.2017 05:00 - 19.11.2017 06:00","14840","14879"
"19.11.2017 06:00 - 19.11.2017 07:00","15199","15397"
"19.11.2017 07:00 - 19.11.2017 08:00","15614","15875"
"19.11.2017 08:00 - 19.11.2017 09:00","16099","16497"
"19.11.2017 09:00 - 19.11.2017 10:00","16717","17111"
"19.11.2017 10:00 - 19.11.2017 11:00","17264","17758"
"19.11.2017 11:00 - 19.11.2017 12:00","17799","18017"
"19.11.2017 12:00 - 19.11.2017 13:00","17956","18346"
"19.11.2017 13:00 - 19.11.2017 14:00","17993","18627"
"19.11.2017 14:00 - 19.11.2017 15:00","18064","18379"
"19.11.2017 15:00 - 19.11.2017 16:00","18388","19029"
"19.11.2017 16:00 - 19.11.2017 17:00","19015","19824"
"19.11.2017 17:00 - 19.11.2017 18:00","19327","20357"
"19.11.2017 18:00 - 19.11.2017 19:00","19254","19893"
"19.11.2017 19:00 - 19.11.2017 20:00","19004","19423"
"19.11.2017 20:00 - 19.11.2017 21:00","18591","18956"
"19.11.2017 21:00 - 19.11.2017 22:00","17994","18470"
"19.11.2017 22:00 - 19.11.2017 23:00","17313","17594"
"19.11.2017 23:00 - 20.11.2017 00:00","16619","17104"
"20.11.2017 00:00 - 20.11.2017 01:00","16307","16715"
"20.11.2017 01:00 - 20.11.2017 02:00","16078","16582"
"20.11.2017 02:00 - 20.11.2017 03:00","16029","16372"
"20.11.2017 03:00 - 20.11.2017 04:00","16092","16562"
"20.11.2017 04:00 - 20.11.2017 05:00","16352","16823"
"20.11.2017 05:00 - 20.11.2017 06:00","17046","17669"
"20.11.2017 06:00 - 20.11.2017 07:00","18712","19829"
"20.11.2017 07:00 - 20.11.2017 08:00","20356","21800"
"20.11.2017 08:00 - 20.11.2017 09:00","20853","21644"
"20.11.2017 09:00 - 20.11.2017 10:00","20894","21665"
"20.11.2017 10:00 - 20.11.2017 11:00","20917","21602"
"20.11.2017 11:00 - 20.11.2017 12:00","20874","21437"
"20.11.2017 12:00 - 20.11.2017 13:00","20721","21271"
"20.11.2017 13:00 - 20.11.2017 14:00","20596","21326"
"20.11.2017 14:00 - 20.11.2017 15:00","20639","21340"
"20.11.2017 15:00 - 20.11.2017 16:00","20989","22132"
"20.11.2017 16:00 - 20.11.2017 17:00","21377","22473"
"20.11.2017 17:00 - 20.11.2017 18:00","21611","22713"
"20.11.2017 18:00 - 20.11.2017 19:00","21325","22186"
"20.11.2017 19:00 - 20.11.2017 20:00","20865","21646"
"20.11.2017 20:00 - 20.11.2017 21:00","20260","20836"
"20.11.2017 21:00 - 20.11.2017 22:00","19484","20000"
"20.11.2017 22:00 - 20.11.2017 23:00","18511","19009"
"20.11.2017 23:00 - 21.11.2017 00:00","17569","18022"
"21.11.2017 00:00 - 21.11.2017 01:00","17179","16984"
"21.11.2017 01:00 - 21.11.2017 02:00","16864","16908"
"21.11.2017 02:00 - 21.11.2017 03:00","16779","16853"
"21.11.2017 03:00 - 21.11.2017 04:00","16838","16896"
"21.11.2017 04:00 - 21.11.2017 05:00","17092","16866"
"21.11.2017 05:00 - 21.11.2017 06:00","17838","17947"
"21.11.2017 06:00 - 21.11.2017 07:00","19709","19951"
"21.11.2017 07:00 - 21.11.2017 08:00","21418","21513"
"21.11.2017 08:00 - 21.11.2017 09:00","21833","21591"
"21.11.2017 09:00 - 21.11.2017 10:00","21787","21636"
"21.11.2017 10:00 - 21.11.2017 11:00","21793","21814"
"21.11.2017 11:00 - 21.11.2017 12:00","21667","21615"
"21.11.2017 12:00 - 21.11.2017 13:00","21437","21363"
"21.11.2017 13:00 - 21.11.2017 14:00","21307","21404"
"21.11.2017 14:00 - 21.11.2017 15:00","21403","21413"
"21.11.2017 15:00 - 21.11.2017 16:00","21808","21824"
"21.11.2017 16:00 - 21.11.2017 17:00","22260","22446"
"21.11.2017 17:00 - 21.11.2017 18:00","22547","22534"
"21.11.2017 18:00 - 21.11.2017 19:00","22268","22276"
"21.11.2017 19:00 - 21.11.2017 20:00","21802","21761"
"21.11.2017 20:00 - 21.11.2017 21:00","21170","21281"
"21.11.2017 21:00 - 21.11.2017 22:00","20357","20445"
"21.11.2017 22:00 - 21.11.2017 23:00","19322","19365"
"21.11.2017 23:00 - 22.11.2017 00:00","18304","18598"
"22.11.2017 00:00 - 22.11.2017 01:00","17223","17427"
"22.11.2017 01:00 - 22.11.2017 02:00","16845","17296"
"22.11.2017 02:00 - 22.11.2017 03:00","16709","17304"
"22.11.2017 03:00 - 22.11.2017 04:00","16694","17292"
"22.11.2017 04:00 - 22.11.2017 05:00","16878","17514"
"22.11.2017 05:00 - 22.11.2017 06:00","17553","18232"
"22.11.2017 06:00 - 22.11.2017 07:00","19300","19762"
"22.11.2017 07:00 - 22.11.2017 08:00","20977","21850"
"22.11.2017 08:00 - 22.11.2017 09:00","21297","22002"
"22.11.2017 09:00 - 22.11.2017 10:00","21197","21635"
"22.11.2017 10:00 - 22.11.2017 11:00","21246","21817"
"22.11.2017 11:00 - 22.11.2017 12:00","21237","21831"
"22.11.2017 12:00 - 22.11.2017 13:00","21160","21761"
"22.11.2017 13:00 - 22.11.2017 14:00","21005","21717"
"22.11.2017 14:00 - 22.11.2017 15:00","20985","21767"
"22.11.2017 15:00 - 22.11.2017 16:00","21223","21913"
"22.11.2017 16:00 - 22.11.2017 17:00","21445","21783"
"22.11.2017 17:00 - 22.11.2017 18:00","21507","21711"
"22.11.2017 18:00 - 22.11.2017 19:00","21102","21055"
"22.11.2017 19:00 - 22.11.2017 20:00","20507","20372"
"22.11.2017 20:00 - 22.11.2017 21:00","19770","19398"
"22.11.2017 21:00 - 22.11.2017 22:00","18828","18365"
"22.11.2017 22:00 - 22.11.2017 23:00","17659","17248"
"22.11.2017 23:00 - 23.11.2017 00:00","16487","16234"
"23.11.2017 00:00 - 23.11.2017 01:00","15698","15503"
"23.11.2017 01:00 - 23.11.2017 02:00","15264","15225"
"23.11.2017 02:00 - 23.11.2017 03:00","15061","14882"
"23.11.2017 03:00 - 23.11.2017 04:00","15031","14973"
"23.11.2017 04:00 - 23.11.2017 05:00","15213","15084"
"23.11.2017 05:00 - 23.11.2017 06:00","15876","15600"
"23.11.2017 06:00 - 23.11.2017 07:00","17608","17210"
"23.11.2017 07:00 - 23.11.2017 08:00","19322","19048"
"23.11.2017 08:00 - 23.11.2017 09:00","19723","19085"
"23.11.2017 09:00 - 23.11.2017 10:00","19645","18987"
"23.11.2017 10:00 - 23.11.2017 11:00","19658","19125"
"23.11.2017 11:00 - 23.11.2017 12:00","19576","19126"
"23.11.2017 12:00 - 23.11.2017 13:00","19419","19243"
"23.11.2017 13:00 - 23.11.2017 14:00","19365","19054"
"23.11.2017 14:00 - 23.11.2017 15:00","19370","18837"
"23.11.2017 15:00 - 23.11.2017 16:00","19717","19437"
"23.11.2017 16:00 - 23.11.2017 17:00","20000","19532"
"23.11.2017 17:00 - 23.11.2017 18:00","20119","19601"
"23.11.2017 18:00 - 23.11.2017 19:00","19735","19216"
"23.11.2017 19:00 - 23.11.2017 20:00","19161","18563"
"23.11.2017 20:00 - 23.11.2017 21:00","18449","17953"
"23.11.2017 21:00 - 23.11.2017 22:00","17550","17276"
"23.11.2017 22:00 - 23.11.2017 23:00","16457","16341"
"23.11.2017 23:00 - 24.11.2017 00:00","15434","15427"
"24.11.2017 00:00 - 24.11.2017 01:00","15168","14587"
"24.11.2017 01:00 - 24.11.2017 02:00","14836","14142"
"24.11.2017 02:00 - 24.11.2017 03:00","14718","14156"
"24.11.2017 03:00 - 24.11.2017 04:00","14756","14169"
"24.11.2017 04:00 - 24.11.2017 05:00","14980","14435"
"24.11.2017 05:00 - 24.11.2017 06:00","15683","15356"
"24.11.2017 06:00 - 24.11.2017 07:00","17422","17409"
"24.11.2017 07:00 - 24.11.2017 08:00","19143","19067"
"24.11.2017 08:00 - 24.11.2017 09:00","19644","19231"
"24.11.2017 09:00 - 24.11.2017 10:00","19695","19159"
"24.11.2017 10:00 - 24.11.2017 11:00","19726","19320"
"24.11.2017 11:00 - 24.11.2017 12:00","19579","18842"
"24.11.2017 12:00 - 24.11.2017 13:00","19340","18639"
"24.11.2017 13:00 - 24.11.2017 14:00","19181","18518"
"24.11.2017 14:00 - 24.11.2017 15:00","19093","18632"
"24.11.2017 15:00 - 24.11.2017 16:00","19356","18656"
"24.11.2017 16:00 - 24.11.2017 17:00","19681","19208"
"24.11.2017 17:00 - 24.11.2017 18:00","19823","19226"
"24.11.2017 18:00 - 24.11.2017 19:00","19452","18498"
"24.11.2017 19:00 - 24.11.2017 20:00","18845","17886"
"24.11.2017 20:00 - 24.11.2017 21:00","18198","17157"
"24.11.2017 21:00 - 24.11.2017 22:00","17507","16436"
"24.11.2017 22:00 - 24.11.2017 23:00","16819","15743"
"24.11.2017 23:00 - 25.11.2017 00:00","16149","15102"
"25.11.2017 00:00 - 25.11.2017 01:00","15295","14943"
"25.11.2017 01:00 - 25.11.2017 02:00","14967","14659"
"25.11.2017 02:00 - 25.11.2017 03:00","14831","14498"
"25.11.2017 03:00 - 25.11.2017 04:00","14846","14474"
"25.11.2017 04:00 - 25.11.2017 05:00","14932","14470"
"25.11.2017 05:00 - 25.11.2017 06:00","15131","14727"
"25.11.2017 06:00 - 25.11.2017 07:00","15619","15503"
"25.11.2017 07:00 - 25.11.2017 08:00","16265","16165"
"25.11.2017 08:00 - 25.11.2017 09:00","16894","16981"
"25.11.2017 09:00 - 25.11.2017 10:00","17574","17580"
"25.11.2017 10:00 - 25.11.2017 11:00","17976","18007"
"25.11.2017 11:00 - 25.11.2017 12:00","18043","18065"
"25.11.2017 12:00 - 25.11.2017 13:00","17899","18000"
"25.11.2017 13:00 - 25.11.2017 14:00","17811","17729"
"25.11.2017 14:00 - 25.11.2017 15:00","17842","17612"
"25.11.2017 15:00 - 25.11.2017 16:00","18331","18197"
"25.11.2017 16:00 - 25.11.2017 17:00","18987","18889"
"25.11.2017 17:00 - 25.11.2017 18:00","19195","18967"
"25.11.2017 18:00 - 25.11.2017 19:00","18928","18830"
"25.11.2017 19:00 - 25.11.2017 20:00","18463","18324"
"25.11.2017 20:00 - 25.11.2017 21:00","17881","17795"
"25.11.2017 21:00 - 25.11.2017 22:00","17307","17174"
"25.11.2017 22:00 - 25.11.2017 23:00","16680","16597"
"25.11.2017 23:00 - 26.11.2017 00:00","16119","15848"
"26.11.2017 00:00 - 26.11.2017 01:00","15604","14915"
"26.11.2017 01:00 - 26.11.2017 02:00","15262","14772"
"26.11.2017 02:00 - 26.11.2017 03:00","15076","14624"
"26.11.2017 03:00 - 26.11.2017 04:00","15010","14629"
"26.11.2017 04:00 - 26.11.2017 05:00","15046","14762"
"26.11.2017 05:00 - 26.11.2017 06:00","15104","14894"
"26.11.2017 06:00 - 26.11.2017 07:00","15392","15245"
"26.11.2017 07:00 - 26.11.2017 08:00","15818","15721"
"26.11.2017 08:00 - 26.11.2017 09:00","16290","16090"
"26.11.2017 09:00 - 26.11.2017 10:00","16921","16876"
"26.11.2017 10:00 - 26.11.2017 11:00","17441","17279"
"26.11.2017 11:00 - 26.11.2017 12:00","17758","17576"
"26.11.2017 12:00 - 26.11.2017 13:00","17803","17641"
"26.11.2017 13:00 - 26.11.2017 14:00","17758","17733"
"26.11.2017 14:00 - 26.11.2017 15:00","17789","17636"
"26.11.2017 15:00 - 26.11.2017 16:00","18137","18196"
"26.11.2017 16:00 - 26.11.2017 17:00","18758","18734"
"26.11.2017 17:00 - 26.11.2017 18:00","19048","18980"
"26.11.2017 18:00 - 26.11.2017 19:00","18948","18593"
"26.11.2017 19:00 - 26.11.2017 20:00","18588","18259"
"26.11.2017 20:00 - 26.11.2017 21:00","18041","17650"
"26.11.2017 21:00 - 26.11.2017 22:00","17340","16799"
"26.11.2017 22:00 - 26.11.2017 23:00","16525","16047"
"26.11.2017 23:00 - 27.11.2017 00:00","15696","15168"
"27.11.2017 00:00 - 27.11.2017 01:00","15251","14825"
"27.11.2017 01:00 - 27.11.2017 02:00","14993","14589"
"27.11.2017 02:00 - 27.11.2017 03:00","14887","14502"
"27.11.2017 03:00 - 27.11.2017 04:00","14892","14522"
"27.11.2017 04:00 - 27.11.2017 05:00","15149","14485"
"27.11.2017 05:00 - 27.11.2017 06:00","15846","15508"
"27.11.2017 06:00 - 27.11.2017 07:00","17571","17680"
"27.11.2017 07:00 - 27.11.2017 08:00","19345","19460"
"27.11.2017 08:00 - 27.11.2017 09:00","19880","20042"
"27.11.2017 09:00 - 27.11.2017 10:00","19868","19776"
"27.11.2017 10:00 - 27.11.2017 11:00","19916","19761"
"27.11.2017 11:00 - 27.11.2017 12:00","19889","19839"
"27.11.2017 12:00 - 27.11.2017 13:00","19839","19766"
"27.11.2017 13:00 - 27.11.2017 14:00","19789","19605"
"27.11.2017 14:00 - 27.11.2017 15:00","19891","19928"
"27.11.2017 15:00 - 27.11.2017 16:00","20259","20561"
"27.11.2017 16:00 - 27.11.2017 17:00","20579","20723"
"27.11.2017 17:00 - 27.11.2017 18:00","20702","20997"
"27.11.2017 18:00 - 27.11.2017 19:00","20418","20485"
"27.11.2017 19:00 - 27.11.2017 20:00","19935","19782"
"27.11.2017 20:00 - 27.11.2017 21:00","19323","19164"
"27.11.2017 21:00 - 27.11.2017 22:00","18489","18299"
"27.11.2017 22:00 - 27.11.2017 23:00","17468","17179"
"27.11.2017 23:00 - 28.11.2017 00:00","16469","16366"
"28.11.2017 00:00 - 28.11.2017 01:00","15661","15733"
"28.11.2017 01:00 - 28.11.2017 02:00","15276","15504"
"28.11.2017 02:00 - 28.11.2017 03:00","15125","15079"
"28.11.2017 03:00 - 28.11.2017 04:00","15126","14892"
"28.11.2017 04:00 - 28.11.2017 05:00","15327","15597"
"28.11.2017 05:00 - 28.11.2017 06:00","16024","16422"
"28.11.2017 06:00 - 28.11.2017 07:00","17934","18489"
"28.11.2017 07:00 - 28.11.2017 08:00","19676","20472"
"28.11.2017 08:00 - 28.11.2017 09:00","20134","20456"
"28.11.2017 09:00 - 28.11.2017 10:00","19879","20246"
"28.11.2017 10:00 - 28.11.2017 11:00","19973","20526"
"28.11.2017 11:00 - 28.11.2017 12:00","20003","20803"
"28.11.2017 12:00 - 28.11.2017 13:00","19947","20700"
"28.11.2017 13:00 - 28.11.2017 14:00","19868","20802"
"28.11.2017 14:00 - 28.11.2017 15:00","19883","20826"
"28.11.2017 15:00 - 28.11.2017 16:00","20277","21437"
"28.11.2017 16:00 - 28.11.2017 17:00","20685","21461"
"28.11.2017 17:00 - 28.11.2017 18:00","20800","21475"
"28.11.2017 18:00 - 28.11.2017 19:00","20549","21089"
"28.11.2017 19:00 - 28.11.2017 20:00","19941","20921"
"28.11.2017 20:00 - 28.11.2017 21:00","19304","20401"
"28.11.2017 21:00 - 28.11.2017 22:00","18464","19255"
"28.11.2017 22:00 - 28.11.2017 23:00","17456","18278"
"28.11.2017 23:00 - 29.11.2017 00:00","16454","17302"
"29.11.2017 00:00 - 29.11.2017 01:00","15479","16444"
"29.11.2017 01:00 - 29.11.2017 02:00","15084","16273"
"29.11.2017 02:00 - 29.11.2017 03:00","14938","16237"
"29.11.2017 03:00 - 29.11.2017 04:00","14956","16289"
"29.11.2017 04:00 - 29.11.2017 05:00","15171","16467"
"29.11.2017 05:00 - 29.11.2017 06:00","15872","17394"
"29.11.2017 06:00 - 29.11.2017 07:00","17600","19349"
"29.11.2017 07:00 - 29.11.2017 08:00","19666","20906"
"29.11.2017 08:00 - 29.11.2017 09:00","20134","21156"
"29.11.2017 09:00 - 29.11.2017 10:00","19998","20920"
"29.11.2017 10:00 - 29.11.2017 11:00","19900","21170"
"29.11.2017 11:00 - 29.11.2017 12:00","19926","20980"
"29.11.2017 12:00 - 29.11.2017 13:00","19862","20953"
"29.11.2017 13:00 - 29.11.2017 14:00","19820","20867"
"29.11.2017 14:00 - 29.11.2017 15:00","19911","20987"
"29.11.2017 15:00 - 29.11.2017 16:00","20313","21516"
"29.11.2017 16:00 - 29.11.2017 17:00","20817","21765"
"29.11.2017 17:00 - 29.11.2017 18:00","20935","21830"
"29.11.2017 18:00 - 29.11.2017 19:00","20677","21395"
"29.11.2017 19:00 - 29.11.2017 20:00","20000","20893"
"29.11.2017 20:00 - 29.11.2017 21:00","19380","20291"
"29.11.2017 21:00 - 29.11.2017 22:00","18559","19404"
"29.11.2017 22:00 - 29.11.2017 23:00","17545","18107"
"29.11.2017 23:00 - 30.11.2017 00:00","16530","17399"
"30.11.2017 00:00 - 30.11.2017 01:00","16236","16426"
"30.11.2017 01:00 - 30.11.2017 02:00","15872","16095"
"30.11.2017 02:00 - 30.11.2017 03:00","15741","15998"
"30.11.2017 03:00 - 30.11.2017 04:00","15751","16102"
"30.11.2017 04:00 - 30.11.2017 05:00","15966","16265"
"30.11.2017 05:00 - 30.11.2017 06:00","16885","17242"
"30.11.2017 06:00 - 30.11.2017 07:00","18879","18969"
"30.11.2017 07:00 - 30.11.2017 08:00","20731","20908"
"30.11.2017 08:00 - 30.11.2017 09:00","21009","21200"
"30.11.2017 09:00 - 30.11.2017 10:00","20837","21010"
"30.11.2017 10:00 - 30.11.2017 11:00","20802","21097"
"30.11.2017 11:00 - 30.11.2017 12:00","20574","21179"
"30.11.2017 12:00 - 30.11.2017 13:00","20486","20953"
"30.11.2017 13:00 - 30.11.2017 14:00","20447","20924"
"30.11.2017 14:00 - 30.11.2017 15:00","20517","20918"
"30.11.2017 15:00 - 30.11.2017 16:00","21107","21459"
"30.11.2017 16:00 - 30.11.2017 17:00","21708","21641"
"30.11.2017 17:00 - 30.11.2017 18:00","21805","21838"
"30.11.2017 18:00 - 30.11.2017 19:00","21291","21543"
"30.11.2017 19:00 - 30.11.2017 20:00","20707","21163"
"30.11.2017 20:00 - 30.11.2017 21:00","19890","20460"
"30.11.2017 21:00 - 30.11.2017 22:00","19071","19482"
"30.11.2017 22:00 - 30.11.2017 23:00","18058","18554"
"30.11.2017 23:00 - 01.12.2017 00:00","17065","17614"
"01.12.2017 00:00 - 01.12.2017 01:00","17090","16757"
"01.12.2017 01:00 - 01.12.2017 02:00","16735","16541"
"01.12.2017 02:00 - 01.12.2017 03:00","16618","16390"
"01.12.2017 03:00 - 01.12.2017 04:00","16629","16301"
"01.12.2017 04:00 - 01.12.2017 05:00","16836","16420"
"01.12.2017 05:00 - 01.12.2017 06:00","17494","17580"
"01.12.2017 06:00 - 01.12.2017 07:00","19082","19430"
"01.12.2017 07:00 - 01.12.2017 08:00","20703","21337"
"01.12.2017 08:00 - 01.12.2017 09:00","21173","21450"
"01.12.2017 09:00 - 01.12.2017 10:00","21179","21331"
"01.12.2017 10:00 - 01.12.2017 11:00","21242","21241"
"01.12.2017 11:00 - 01.12.2017 12:00","21194","21084"
"01.12.2017 12:00 - 01.12.2017 13:00","20990","21025"
"01.12.2017 13:00 - 01.12.2017 14:00","20813","20970"
"01.12.2017 14:00 - 01.12.2017 15:00","20742","20796"
"01.12.2017 15:00 - 01.12.2017 16:00","20939","21235"
"01.12.2017 16:00 - 01.12.2017 17:00","21124","21475"
"01.12.2017 17:00 - 01.12.2017 18:00","21220","21654"
"01.12.2017 18:00 - 01.12.2017 19:00","20875","21188"
"01.12.2017 19:00 - 01.12.2017 20:00","20314","20392"
"01.12.2017 20:00 - 01.12.2017 21:00","19710","19738"
"01.12.2017 21:00 - 01.12.2017 22:00","19069","18986"
"01.12.2017 22:00 - 01.12.2017 23:00","18419","18252"
"01.12.2017 23:00 - 02.12.2017 00:00","17776","17370"
"02.12.2017 00:00 - 02.12.2017 01:00","16927","16615"
"02.12.2017 01:00 - 02.12.2017 02:00","16606","16398"
"02.12.2017 02:00 - 02.12.2017 03:00","16437","16290"
"02.12.2017 03:00 - 02.12.2017 04:00","16414","16159"
"02.12.2017 04:00 - 02.12.2017 05:00","16475","16121"
"02.12.2017 05:00 - 02.12.2017 06:00","16653","16415"
"02.12.2017 06:00 - 02.12.2017 07:00","17084","17044"
"02.12.2017 07:00 - 02.12.2017 08:00","17696","17523"
"02.12.2017 08:00 - 02.12.2017 09:00","18455","18027"
"02.12.2017 09:00 - 02.12.2017 10:00","19021","18549"
"02.12.2017 10:00 - 02.12.2017 11:00","19338","18878"
"02.12.2017 11:00 - 02.12.2017 12:00","19144","18730"
"02.12.2017 12:00 - 02.12.2017 13:00","19012","18584"
"02.12.2017 13:00 - 02.12.2017 14:00","18903","18303"
"02.12.2017 14:00 - 02.12.2017 15:00","18882","18164"
"02.12.2017 15:00 - 02.12.2017 16:00","19222","18591"
"02.12.2017 16:00 - 02.12.2017 17:00","19845","19080"
"02.12.2017 17:00 - 02.12.2017 18:00","19894","19008"
"02.12.2017 18:00 - 02.12.2017 19:00","19342","18445"
"02.12.2017 19:00 - 02.12.2017 20:00","18803","17788"
"02.12.2017 20:00 - 02.12.2017 21:00","18172","17193"
"02.12.2017 21:00 - 02.12.2017 22:00","17515","16316"
"02.12.2017 22:00 - 02.12.2017 23:00","16842","15899"
"02.12.2017 23:00 - 03.12.2017 00:00","16218","15281"
"03.12.2017 00:00 - 03.12.2017 01:00","15560","14638"
"03.12.2017 01:00 - 03.12.2017 02:00","15152","14721"
"03.12.2017 02:00 - 03.12.2017 03:00","14906","14514"
"03.12.2017 03:00 - 03.12.2017 04:00","14776","14233"
"03.12.2017 04:00 - 03.12.2017 05:00","14795","14342"
"03.12.2017 05:00 - 03.12.2017 06:00","14902","14504"
"03.12.2017 06:00 - 03.12.2017 07:00","15207","15116"
"03.12.2017 07:00 - 03.12.2017 08:00","15678","15434"
"03.12.2017 08:00 - 03.12.2017 09:00","16198","15886"
"03.12.2017 09:00 - 03.12.2017 10:00","16819","16577"
"03.12.2017 10:00 - 03.12.2017 11:00","17418","17278"
"03.12.2017 11:00 - 03.12.2017 12:00","17713","17556"
"03.12.2017 12:00 - 03.12.2017 13:00","17813","17642"
"03.12.2017 13:00 - 03.12.2017 14:00","17816","17527"
"03.12.2017 14:00 - 03.12.2017 15:00","17936","17661"
"03.12.2017 15:00 - 03.12.2017 16:00","18403","18149"
"03.12.2017 16:00 - 03.12.2017 17:00","19064","18807"
"03.12.2017 17:00 - 03.12.2017 18:00","19379","18959"
"03.12.2017 18:00 - 03.12.2017 19:00","19347","18895"
"03.12.2017 19:00 - 03.12.2017 20:00","19093","18680"
"03.12.2017 20:00 - 03.12.2017 21:00","18683","18267"
"03.12.2017 21:00 - 03.12.2017 22:00","18109","17457"
"03.12.2017 22:00 - 03.12.2017 23:00","17421","16762"
"03.12.2017 23:00 - 04.12.2017 00:00","16724","16132"
"04.12.2017 00:00 - 04.12.2017 01:00","16255","15719"
"04.12.2017 01:00 - 04.12.2017 02:00","16076","15524"
"04.12.2017 02:00 - 04.12.2017 03:00","16069","15454"
"04.12.2017 03:00 - 04.12.2017 04:00","16151","15569"
"04.12.2017 04:00 - 04.12.2017 05:00","16463","15839"
"04.12.2017 05:00 - 04.12.2017 06:00","17203","17084"
"04.12.2017 06:00 - 04.12.2017 07:00","19147","19444"
"04.12.2017 07:00 - 04.12.2017 08:00","20938","21491"
"04.12.2017 08:00 - 04.12.2017 09:00","21547","21917"
"04.12.2017 09:00 - 04.12.2017 10:00","21356","21687"
"04.12.2017 10:00 - 04.12.2017 11:00","21376","21491"
"04.12.2017 11:00 - 04.12.2017 12:00","21212","21398"
"04.12.2017 12:00 - 04.12.2017 13:00","20977","21037"
"04.12.2017 13:00 - 04.12.2017 14:00","20945","20952"
"04.12.2017 14:00 - 04.12.2017 15:00","21127","20936"
"04.12.2017 15:00 - 04.12.2017 16:00","21871","21650"
"04.12.2017 16:00 - 04.12.2017 17:00","22298","22203"
"04.12.2017 17:00 - 04.12.2017 18:00","22433","22358"
"04.12.2017 18:00 - 04.12.2017 19:00","22135","21969"
"04.12.2017 19:00 - 04.12.2017 20:00","21491","21583"
"04.12.2017 20:00 - 04.12.2017 21:00","20913","20922"
"04.12.2017 21:00 - 04.12.2017 22:00","20143","20073"
"04.12.2017 22:00 - 04.12.2017 23:00","19161","18991"
"04.12.2017 23:00 - 05.12.2017 00:00","18197","18017"
"05.12.2017 00:00 - 05.12.2017 01:00","17190","17246"
"05.12.2017 01:00 - 05.12.2017 02:00","16821","16980"
"05.12.2017 02:00 - 05.12.2017 03:00","16701","16799"
"05.12.2017 03:00 - 05.12.2017 04:00","16703","16746"
"05.12.2017 04:00 - 05.12.2017 05:00","16902","16699"
"05.12.2017 05:00 - 05.12.2017 06:00","17880","17486"
"05.12.2017 06:00 - 05.12.2017 07:00","19510","19563"
"05.12.2017 07:00 - 05.12.2017 08:00","21349","21402"
"05.12.2017 08:00 - 05.12.2017 09:00","21737","21489"
"05.12.2017 09:00 - 05.12.2017 10:00","21472","21208"
"05.12.2017 10:00 - 05.12.2017 11:00","21360","20889"
"05.12.2017 11:00 - 05.12.2017 12:00","21243","20666"
"05.12.2017 12:00 - 05.12.2017 13:00","21057","20430"
"05.12.2017 13:00 - 05.12.2017 14:00","20920","20421"
"05.12.2017 14:00 - 05.12.2017 15:00","20878","20620"
"05.12.2017 15:00 - 05.12.2017 16:00","21267","21042"
"05.12.2017 16:00 - 05.12.2017 17:00","21570","21326"
"05.12.2017 17:00 - 05.12.2017 18:00","21553","21589"
"05.12.2017 18:00 - 05.12.2017 19:00","21198","20885"
"05.12.2017 19:00 - 05.12.2017 20:00","20672","20485"
"05.12.2017 20:00 - 05.12.2017 21:00","20075","19964"
"05.12.2017 21:00 - 05.12.2017 22:00","19312","18870"
"05.12.2017 22:00 - 05.12.2017 23:00","18034","17894"
"05.12.2017 23:00 - 06.12.2017 00:00","17079","17089"
"06.12.2017 00:00 - 06.12.2017 01:00","16413","16069"
"06.12.2017 01:00 - 06.12.2017 02:00","15974","15810"
"06.12.2017 02:00 - 06.12.2017 03:00","15820","15654"
"06.12.2017 03:00 - 06.12.2017 04:00","15850","15746"
"06.12.2017 04:00 - 06.12.2017 05:00","16106","15862"
"06.12.2017 05:00 - 06.12.2017 06:00","17173","16878"
"06.12.2017 06:00 - 06.12.2017 07:00","19063","19000"
"06.12.2017 07:00 - 06.12.2017 08:00","21203","21031"
"06.12.2017 08:00 - 06.12.2017 09:00","21760","21344"
"06.12.2017 09:00 - 06.12.2017 10:00","21598","21205"
"06.12.2017 10:00 - 06.12.2017 11:00","21594","21319"
"06.12.2017 11:00 - 06.12.2017 12:00","21595","21335"
"06.12.2017 12:00 - 06.12.2017 13:00","21520","21190"
"06.12.2017 13:00 - 06.12.2017 14:00","21466","21006"
"06.12.2017 14:00 - 06.12.2017 15:00","21571","20988"
"06.12.2017 15:00 - 06.12.2017 16:00","22012","21586"
"06.12.2017 16:00 - 06.12.2017 17:00","22425","21800"
"06.12.2017 17:00 - 06.12.2017 18:00","22505","21961"
"06.12.2017 18:00 - 06.12.2017 19:00","22157","21500"
"06.12.2017 19:00 - 06.12.2017 20:00","21546","20817"
"06.12.2017 20:00 - 06.12.2017 21:00","20831","19871"
"06.12.2017 21:00 - 06.12.2017 22:00","19908","18812"
"06.12.2017 22:00 - 06.12.2017 23:00","18442","17658"
"06.12.2017 23:00 - 07.12.2017 00:00","17266","16769"
"07.12.2017 00:00 - 07.12.2017 01:00","16502","15905"
"07.12.2017 01:00 - 07.12.2017 02:00","15977","15588"
"07.12.2017 02:00 - 07.12.2017 03:00","15698","15482"
"07.12.2017 03:00 - 07.12.2017 04:00","15566","15491"
"07.12.2017 04:00 - 07.12.2017 05:00","15742","15758"
"07.12.2017 05:00 - 07.12.2017 06:00","16367","16557"
"07.12.2017 06:00 - 07.12.2017 07:00","18009","18109"
"07.12.2017 07:00 - 07.12.2017 08:00","19727","19914"
"07.12.2017 08:00 - 07.12.2017 09:00","20202","20144"
"07.12.2017 09:00 - 07.12.2017 10:00","20081","19987"
"07.12.2017 10:00 - 07.12.2017 11:00","20120","20247"
"07.12.2017 11:00 - 07.12.2017 12:00","20105","20286"
"07.12.2017 12:00 - 07.12.2017 13:00","20043","20186"
"07.12.2017 13:00 - 07.12.2017 14:00","19985","20008"
"07.12.2017 14:00 - 07.12.2017 15:00","20040","20258"
"07.12.2017 15:00 - 07.12.2017 16:00","20405","20768"
"07.12.2017 16:00 - 07.12.2017 17:00","20627","20577"
"07.12.2017 17:00 - 07.12.2017 18:00","20663","20735"
"07.12.2017 18:00 - 07.12.2017 19:00","20343","20153"
"07.12.2017 19:00 - 07.12.2017 20:00","19870","19705"
"07.12.2017 20:00 - 07.12.2017 21:00","19231","18888"
"07.12.2017 21:00 - 07.12.2017 22:00","18391","17956"
"07.12.2017 22:00 - 07.12.2017 23:00","17318","16959"
"07.12.2017 23:00 - 08.12.2017 00:00","16275","16295"
"08.12.2017 00:00 - 08.12.2017 01:00","15681","15659"
"08.12.2017 01:00 - 08.12.2017 02:00","15342","15385"
"08.12.2017 02:00 - 08.12.2017 03:00","15231","15204"
"08.12.2017 03:00 - 08.12.2017 04:00","15289","15272"
"08.12.2017 04:00 - 08.12.2017 05:00","15563","15602"
"08.12.2017 05:00 - 08.12.2017 06:00","16255","16423"
"08.12.2017 06:00 - 08.12.2017 07:00","17961","18621"
"08.12.2017 07:00 - 08.12.2017 08:00","19680","20220"
"08.12.2017 08:00 - 08.12.2017 09:00","20228","20475"
"08.12.2017 09:00 - 08.12.2017 10:00","20170","20324"
"08.12.2017 10:00 - 08.12.2017 11:00","20216","20365"
"08.12.2017 11:00 - 08.12.2017 12:00","20100","20194"
"08.12.2017 12:00 - 08.12.2017 13:00","19842","20017"
"08.12.2017 13:00 - 08.12.2017 14:00","19721","19848"
"08.12.2017 14:00 - 08.12.2017 15:00","19684","19890"
"08.12.2017 15:00 - 08.12.2017 16:00","19947","20368"
"08.12.2017 16:00 - 08.12.2017 17:00","20248","20706"
"08.12.2017 17:00 - 08.12.2017 18:00","20290","20614"
"08.12.2017 18:00 - 08.12.2017 19:00","19893","19983"
"08.12.2017 19:00 - 08.12.2017 20:00","19252","19368"
"08.12.2017 20:00 - 08.12.2017 21:00","18499","18444"
"08.12.2017 21:00 - 08.12.2017 22:00","17780","17711"
"08.12.2017 22:00 - 08.12.2017 23:00","17050","16806"
"08.12.2017 23:00 - 09.12.2017 00:00","16311","16280"
"09.12.2017 00:00 - 09.12.2017 01:00","15681","15252"
"09.12.2017 01:00 - 09.12.2017 02:00","15315","15160"
"09.12.2017 02:00 - 09.12.2017 03:00","15135","15117"
"09.12.2017 03:00 - 09.12.2017 04:00","15079","14993"
"09.12.2017 04:00 - 09.12.2017 05:00","15127","15048"
"09.12.2017 05:00 - 09.12.2017 06:00","15298","15335"
"09.12.2017 06:00 - 09.12.2017 07:00","15750","15885"
"09.12.2017 07:00 - 09.12.2017 08:00","16437","16554"
"09.12.2017 08:00 - 09.12.2017 09:00","17128","17182"
"09.12.2017 09:00 - 09.12.2017 10:00","17793","17968"
"09.12.2017 10:00 - 09.12.2017 11:00","18251","18502"
"09.12.2017 11:00 - 09.12.2017 12:00","18396","18438"
"09.12.2017 12:00 - 09.12.2017 13:00","18355","18389"
"09.12.2017 13:00 - 09.12.2017 14:00","18315","18361"
"09.12.2017 14:00 - 09.12.2017 15:00","18326","18518"
"09.12.2017 15:00 - 09.12.2017 16:00","18779","19111"
"09.12.2017 16:00 - 09.12.2017 17:00","19307","19468"
"09.12.2017 17:00 - 09.12.2017 18:00","19463","19546"
"09.12.2017 18:00 - 09.12.2017 19:00","19217","19255"
"09.12.2017 19:00 - 09.12.2017 20:00","18782","18707"
"09.12.2017 20:00 - 09.12.2017 21:00","18262","18153"
"09.12.2017 21:00 - 09.12.2017 22:00","17678","17754"
"09.12.2017 22:00 - 09.12.2017 23:00","17068","16830"
"09.12.2017 23:00 - 10.12.2017 00:00","16525","16226"
"10.12.2017 00:00 - 10.12.2017 01:00","16200","15709"
"10.12.2017 01:00 - 10.12.2017 02:00","15824","15603"
"10.12.2017 02:00 - 10.12.2017 03:00","15694","15572"
"10.12.2017 03:00 - 10.12.2017 04:00","15608","15536"
"10.12.2017 04:00 - 10.12.2017 05:00","15666","15499"
"10.12.2017 05:00 - 10.12.2017 06:00","15814","15625"
"10.12.2017 06:00 - 10.12.2017 07:00","16182","15936"
"10.12.2017 07:00 - 10.12.2017 08:00","16706","16704"
"10.12.2017 08:00 - 10.12.2017 09:00","17201","17313"
"10.12.2017 09:00 - 10.12.2017 10:00","17763","17923"
"10.12.2017 10:00 - 10.12.2017 11:00","18300","18832"
"10.12.2017 11:00 - 10.12.2017 12:00","18614","18991"
"10.12.2017 12:00 - 10.12.2017 13:00","18702","19034"
"10.12.2017 13:00 - 10.12.2017 14:00","18685","19059"
"10.12.2017 14:00 - 10.12.2017 15:00","18778","19099"
"10.12.2017 15:00 - 10.12.2017 16:00","19266","19753"
"10.12.2017 16:00 - 10.12.2017 17:00","19808","20322"
"10.12.2017 17:00 - 10.12.2017 18:00","20054","20531"
"10.12.2017 18:00 - 10.12.2017 19:00","19988","19914"
"10.12.2017 19:00 - 10.12.2017 20:00","19718","19586"
"10.12.2017 20:00 - 10.12.2017 21:00","19290","19260"
"10.12.2017 21:00 - 10.12.2017 22:00","18691","18671"
"10.12.2017 22:00 - 10.12.2017 23:00","17951","17869"
"10.12.2017 23:00 - 11.12.2017 00:00","17233","17108"
"11.12.2017 00:00 - 11.12.2017 01:00","16525","16573"
"11.12.2017 01:00 - 11.12.2017 02:00","16273","16453"
"11.12.2017 02:00 - 11.12.2017 03:00","16250","16334"
"11.12.2017 03:00 - 11.12.2017 04:00","16307","16372"
"11.12.2017 04:00 - 11.12.2017 05:00","16587","16484"
"11.12.2017 05:00 - 11.12.2017 06:00","17294","17297"
"11.12.2017 06:00 - 11.12.2017 07:00","19019","19629"
"11.12.2017 07:00 - 11.12.2017 08:00","20825","21545"
"11.12.2017 08:00 - 11.12.2017 09:00","21499","21890"
"11.12.2017 09:00 - 11.12.2017 10:00","21490","21467"
"11.12.2017 10:00 - 11.12.2017 11:00","21459","21437"
"11.12.2017 11:00 - 11.12.2017 12:00","21410","21644"
"11.12.2017 12:00 - 11.12.2017 13:00","21312","21747"
"11.12.2017 13:00 - 11.12.2017 14:00","21260","21731"
"11.12.2017 14:00 - 11.12.2017 15:00","21347","21564"
"11.12.2017 15:00 - 11.12.2017 16:00","21757","21851"
"11.12.2017 16:00 - 11.12.2017 17:00","22049","21889"
"11.12.2017 17:00 - 11.12.2017 18:00","22078","21911"
"11.12.2017 18:00 - 11.12.2017 19:00","21762","21452"
"11.12.2017 19:00 - 11.12.2017 20:00","21315","21213"
"11.12.2017 20:00 - 11.12.2017 21:00","20735","20354"
"11.12.2017 21:00 - 11.12.2017 22:00","19951","19707"
"11.12.2017 22:00 - 11.12.2017 23:00","18926","18416"
"11.12.2017 23:00 - 12.12.2017 00:00","17908","17256"
"12.12.2017 00:00 - 12.12.2017 01:00","16853","16577"
"12.12.2017 01:00 - 12.12.2017 02:00","16418","16357"
"12.12.2017 02:00 - 12.12.2017 03:00","16258","16226"
"12.12.2017 03:00 - 12.12.2017 04:00","16231","16420"
"12.12.2017 04:00 - 12.12.2017 05:00","16432","16509"
"12.12.2017 05:00 - 12.12.2017 06:00","17190","17357"
"12.12.2017 06:00 - 12.12.2017 07:00","19156","19738"
"12.12.2017 07:00 - 12.12.2017 08:00","20941","21337"
"12.12.2017 08:00 - 12.12.2017 09:00","21443","21777"
"12.12.2017 09:00 - 12.12.2017 10:00","21281","21510"
"12.12.2017 10:00 - 12.12.2017 11:00","21325","21531"
"12.12.2017 11:00 - 12.12.2017 12:00","21344","21555"
"12.12.2017 12:00 - 12.12.2017 13:00","21170","21471"
"12.12.2017 13:00 - 12.12.2017 14:00","21148","21453"
"12.12.2017 14:00 - 12.12.2017 15:00","21225","21618"
"12.12.2017 15:00 - 12.12.2017 16:00","21568","22145"
"12.12.2017 16:00 - 12.12.2017 17:00","21891","22337"
"12.12.2017 17:00 - 12.12.2017 18:00","21972","22450"
"12.12.2017 18:00 - 12.12.2017 19:00","21722","22103"
"12.12.2017 19:00 - 12.12.2017 20:00","21348","21539"
"12.12.2017 20:00 - 12.12.2017 21:00","20794","21209"
"12.12.2017 21:00 - 12.12.2017 22:00","20093","20699"
"12.12.2017 22:00 - 12.12.2017 23:00","19144","19183"
"12.12.2017 23:00 - 13.12.2017 00:00","18235","18167"
"13.12.2017 00:00 - 13.12.2017 01:00","17591","17256"
"13.12.2017 01:00 - 13.12.2017 02:00","17233","17243"
"13.12.2017 02:00 - 13.12.2017 03:00","17145","17178"
"13.12.2017 03:00 - 13.12.2017 04:00","17214","17422"
"13.12.2017 04:00 - 13.12.2017 05:00","17499","17450"
"13.12.2017 05:00 - 13.12.2017 06:00","18219","18089"
"13.12.2017 06:00 - 13.12.2017 07:00","19835","20119"
"13.12.2017 07:00 - 13.12.2017 08:00","21597","21975"
"13.12.2017 08:00 - 13.12.2017 09:00","22086","22122"
"13.12.2017 09:00 - 13.12.2017 10:00","21934","21392"
"13.12.2017 10:00 - 13.12.2017 11:00","21840","21330"
"13.12.2017 11:00 - 13.12.2017 12:00","21756","21382"
"13.12.2017 12:00 - 13.12.2017 13:00","21631","21505"
"13.12.2017 13:00 - 13.12.2017 14:00","21550","21340"
"13.12.2017 14:00 - 13.12.2017 15:00","21602","21557"
"13.12.2017 15:00 - 13.12.2017 16:00","22061","22310"
"13.12.2017 16:00 - 13.12.2017 17:00","22338","22644"
"13.12.2017 17:00 - 13.12.2017 18:00","22308","22174"
"13.12.2017 18:00 - 13.12.2017 19:00","21909","21709"
"13.12.2017 19:00 - 13.12.2017 20:00","21380","20731"
"13.12.2017 20:00 - 13.12.2017 21:00","20692","20201"
"13.12.2017 21:00 - 13.12.2017 22:00","19822","19585"
"13.12.2017 22:00 - 13.12.2017 23:00","18776","18457"
"13.12.2017 23:00 - 14.12.2017 00:00","17724","17555"
"14.12.2017 00:00 - 14.12.2017 01:00","17241","16912"
"14.12.2017 01:00 - 14.12.2017 02:00","16759","16575"
"14.12.2017 02:00 - 14.12.2017 03:00","16573","16642"
"14.12.2017 03:00 - 14.12.2017 04:00","16536","16635"
"14.12.2017 04:00 - 14.12.2017 05:00","16831","16655"
"14.12.2017 05:00 - 14.12.2017 06:00","17603","17268"
"14.12.2017 06:00 - 14.12.2017 07:00","19298","19406"
"14.12.2017 07:00 - 14.12.2017 08:00","21144","21356"
"14.12.2017 08:00 - 14.12.2017 09:00","21781","21664"
"14.12.2017 09:00 - 14.12.2017 10:00","21613","21845"
"14.12.2017 10:00 - 14.12.2017 11:00","21542","21611"
"14.12.2017 11:00 - 14.12.2017 12:00","21457","21659"
"14.12.2017 12:00 - 14.12.2017 13:00","21292","21475"
"14.12.2017 13:00 - 14.12.2017 14:00","21250","21368"
"14.12.2017 14:00 - 14.12.2017 15:00","21258","21934"
"14.12.2017 15:00 - 14.12.2017 16:00","21697","22277"
"14.12.2017 16:00 - 14.12.2017 17:00","21943","22377"
"14.12.2017 17:00 - 14.12.2017 18:00","21962","22235"
"14.12.2017 18:00 - 14.12.2017 19:00","21643","21795"
"14.12.2017 19:00 - 14.12.2017 20:00","21165","21206"
"14.12.2017 20:00 - 14.12.2017 21:00","20550","20436"
"14.12.2017 21:00 - 14.12.2017 22:00","19697","19506"
"14.12.2017 22:00 - 14.12.2017 23:00","18645","18599"
"14.12.2017 23:00 - 15.12.2017 00:00","17516","17403"
"15.12.2017 00:00 - 15.12.2017 01:00","16969","16765"
"15.12.2017 01:00 - 15.12.2017 02:00","16498","16442"
"15.12.2017 02:00 - 15.12.2017 03:00","16346","16393"
"15.12.2017 03:00 - 15.12.2017 04:00","16338","16243"
"15.12.2017 04:00 - 15.12.2017 05:00","16568","16314"
"15.12.2017 05:00 - 15.12.2017 06:00","17348","17249"
"15.12.2017 06:00 - 15.12.2017 07:00","19021","19289"
"15.12.2017 07:00 - 15.12.2017 08:00","20766","21161"
"15.12.2017 08:00 - 15.12.2017 09:00","21374","21521"
"15.12.2017 09:00 - 15.12.2017 10:00","21209","21510"
"15.12.2017 10:00 - 15.12.2017 11:00","21278","21827"
"15.12.2017 11:00 - 15.12.2017 12:00","21254","21904"
"15.12.2017 12:00 - 15.12.2017 13:00","21074","21552"
"15.12.2017 13:00 - 15.12.2017 14:00","20884","21341"
"15.12.2017 14:00 - 15.12.2017 15:00","20799","21166"
"15.12.2017 15:00 - 15.12.2017 16:00","20947","21375"
"15.12.2017 16:00 - 15.12.2017 17:00","21205","21606"
"15.12.2017 17:00 - 15.12.2017 18:00","21211","21768"
"15.12.2017 18:00 - 15.12.2017 19:00","20785","21133"
"15.12.2017 19:00 - 15.12.2017 20:00","20109","20431"
"15.12.2017 20:00 - 15.12.2017 21:00","19319","19618"
"15.12.2017 21:00 - 15.12.2017 22:00","18537","18956"
"15.12.2017 22:00 - 15.12.2017 23:00","17817","17985"
"15.12.2017 23:00 - 16.12.2017 00:00","17055","17357"
"16.12.2017 00:00 - 16.12.2017 01:00","16627","16494"
"16.12.2017 01:00 - 16.12.2017 02:00","16263","16158"
"16.12.2017 02:00 - 16.12.2017 03:00","16109","15969"
"16.12.2017 03:00 - 16.12.2017 04:00","16078","15805"
"16.12.2017 04:00 - 16.12.2017 05:00","16123","15932"
"16.12.2017 05:00 - 16.12.2017 06:00","16341","16263"
"16.12.2017 06:00 - 16.12.2017 07:00","16827","16704"
"16.12.2017 07:00 - 16.12.2017 08:00","17509","17426"
"16.12.2017 08:00 - 16.12.2017 09:00","18218","18375"
"16.12.2017 09:00 - 16.12.2017 10:00","18843","19191"
"16.12.2017 10:00 - 16.12.2017 11:00","19359","19487"
"16.12.2017 11:00 - 16.12.2017 12:00","19586","19489"
"16.12.2017 12:00 - 16.12.2017 13:00","19509","19622"
"16.12.2017 13:00 - 16.12.2017 14:00","19424","19605"
"16.12.2017 14:00 - 16.12.2017 15:00","19446","19652"
"16.12.2017 15:00 - 16.12.2017 16:00","19860","20207"
"16.12.2017 16:00 - 16.12.2017 17:00","20357","20743"
"16.12.2017 17:00 - 16.12.2017 18:00","20481","20733"
"16.12.2017 18:00 - 16.12.2017 19:00","20248","20389"
"16.12.2017 19:00 - 16.12.2017 20:00","19806","19797"
"16.12.2017 20:00 - 16.12.2017 21:00","19239","19205"
"16.12.2017 21:00 - 16.12.2017 22:00","18701","18694"
"16.12.2017 22:00 - 16.12.2017 23:00","18085","17847"
"16.12.2017 23:00 - 17.12.2017 00:00","17530","17289"
"17.12.2017 00:00 - 17.12.2017 01:00","16766","16624"
"17.12.2017 01:00 - 17.12.2017 02:00","16424","16546"
"17.12.2017 02:00 - 17.12.2017 03:00","16406","16541"
"17.12.2017 03:00 - 17.12.2017 04:00","16465","16719"
"17.12.2017 04:00 - 17.12.2017 05:00","16673","16674"
"17.12.2017 05:00 - 17.12.2017 06:00","16916","16966"
"17.12.2017 06:00 - 17.12.2017 07:00","17401","17719"
"17.12.2017 07:00 - 17.12.2017 08:00","18061","18513"
"17.12.2017 08:00 - 17.12.2017 09:00","18730","19632"
"17.12.2017 09:00 - 17.12.2017 10:00","19332","20193"
"17.12.2017 10:00 - 17.12.2017 11:00","19888","20747"
"17.12.2017 11:00 - 17.12.2017 12:00","20197","20849"
"17.12.2017 12:00 - 17.12.2017 13:00","20214","20750"
"17.12.2017 13:00 - 17.12.2017 14:00","20174","20380"
"17.12.2017 14:00 - 17.12.2017 15:00","20259","20362"
"17.12.2017 15:00 - 17.12.2017 16:00","20825","21035"
"17.12.2017 16:00 - 17.12.2017 17:00","21463","21355"
"17.12.2017 17:00 - 17.12.2017 18:00","21755","21536"
"17.12.2017 18:00 - 17.12.2017 19:00","21675","21436"
"17.12.2017 19:00 - 17.12.2017 20:00","21386","21100"
"17.12.2017 20:00 - 17.12.2017 21:00","20942","20565"
"17.12.2017 21:00 - 17.12.2017 22:00","20305","20038"
"17.12.2017 22:00 - 17.12.2017 23:00","19524","19235"
"17.12.2017 23:00 - 18.12.2017 00:00","18798","18107"
"18.12.2017 00:00 - 18.12.2017 01:00","18315","17528"
"18.12.2017 01:00 - 18.12.2017 02:00","17950","17426"
"18.12.2017 02:00 - 18.12.2017 03:00","17821","17392"
"18.12.2017 03:00 - 18.12.2017 04:00","17781","17418"
"18.12.2017 04:00 - 18.12.2017 05:00","18260","17565"
"18.12.2017 05:00 - 18.12.2017 06:00","18915","18465"
"18.12.2017 06:00 - 18.12.2017 07:00","20716","20610"
"18.12.2017 07:00 - 18.12.2017 08:00","22571","22588"
"18.12.2017 08:00 - 18.12.2017 09:00","23263","22870"
"18.12.2017 09:00 - 18.12.2017 10:00","23091","22509"
"18.12.2017 10:00 - 18.12.2017 11:00","22986","22217"
"18.12.2017 11:00 - 18.12.2017 12:00","22807","22219"
"18.12.2017 12:00 - 18.12.2017 13:00","22662","22142"
"18.12.2017 13:00 - 18.12.2017 14:00","22541","21753"
"18.12.2017 14:00 - 18.12.2017 15:00","22591","21854"
"18.12.2017 15:00 - 18.12.2017 16:00","23042","22559"
"18.12.2017 16:00 - 18.12.2017 17:00","23315","22439"
"18.12.2017 17:00 - 18.12.2017 18:00","23292","22478"
"18.12.2017 18:00 - 18.12.2017 19:00","22888","22304"
"18.12.2017 19:00 - 18.12.2017 20:00","22334","21685"
"18.12.2017 20:00 - 18.12.2017 21:00","21646","20841"
"18.12.2017 21:00 - 18.12.2017 22:00","20779","20024"
"18.12.2017 22:00 - 18.12.2017 23:00","19395","18893"
"18.12.2017 23:00 - 19.12.2017 00:00","18323","17717"
"19.12.2017 00:00 - 19.12.2017 01:00","17379","16731"
"19.12.2017 01:00 - 19.12.2017 02:00","16976","16433"
"19.12.2017 02:00 - 19.12.2017 03:00","16822","16627"
"19.12.2017 03:00 - 19.12.2017 04:00","16872","16709"
"19.12.2017 04:00 - 19.12.2017 05:00","17145","16918"
"19.12.2017 05:00 - 19.12.2017 06:00","17980","17776"
"19.12.2017 06:00 - 19.12.2017 07:00","19793","19705"
"19.12.2017 07:00 - 19.12.2017 08:00","21797","21448"
"19.12.2017 08:00 - 19.12.2017 09:00","22439","21869"
"19.12.2017 09:00 - 19.12.2017 10:00","22329","21671"
"19.12.2017 10:00 - 19.12.2017 11:00","22337","21667"
"19.12.2017 11:00 - 19.12.2017 12:00","22269","21208"
"19.12.2017 12:00 - 19.12.2017 13:00","22089","20861"
"19.12.2017 13:00 - 19.12.2017 14:00","22028","20910"
"19.12.2017 14:00 - 19.12.2017 15:00","22145","21083"
"19.12.2017 15:00 - 19.12.2017 16:00","22663","21748"
"19.12.2017 16:00 - 19.12.2017 17:00","22887","22281"
"19.12.2017 17:00 - 19.12.2017 18:00","22926","22319"
"19.12.2017 18:00 - 19.12.2017 19:00","22563","21910"
"19.12.2017 19:00 - 19.12.2017 20:00","22068","21411"
"19.12.2017 20:00 - 19.12.2017 21:00","21387","20592"
"19.12.2017 21:00 - 19.12.2017 22:00","20509","19733"
"19.12.2017 22:00 - 19.12.2017 23:00","19402","18726"
"19.12.2017 23:00 - 20.12.2017 00:00","18300","17560"
"20.12.2017 00:00 - 20.12.2017 01:00","17508","16838"
"20.12.2017 01:00 - 20.12.2017 02:00","16995","16521"
"20.12.2017 02:00 - 20.12.2017 03:00","16734","16061"
"20.12.2017 03:00 - 20.12.2017 04:00","16633","16086"
"20.12.2017 04:00 - 20.12.2017 05:00","16750","16346"
"20.12.2017 05:00 - 20.12.2017 06:00","17360","17291"
"20.12.2017 06:00 - 20.12.2017 07:00","18952","19203"
"20.12.2017 07:00 - 20.12.2017 08:00","20756","20950"
"20.12.2017 08:00 - 20.12.2017 09:00","21385","21349"
"20.12.2017 09:00 - 20.12.2017 10:00","21279","21070"
"20.12.2017 10:00 - 20.12.2017 11:00","21277","20883"
"20.12.2017 11:00 - 20.12.2017 12:00","21221","20651"
"20.12.2017 12:00 - 20.12.2017 13:00","21144","20566"
"20.12.2017 13:00 - 20.12.2017 14:00","21025","20409"
"20.12.2017 14:00 - 20.12.2017 15:00","20976","20405"
"20.12.2017 15:00 - 20.12.2017 16:00","21324","20922"
"20.12.2017 16:00 - 20.12.2017 17:00","21510","21018"
"20.12.2017 17:00 - 20.12.2017 18:00","21486","21061"
"20.12.2017 18:00 - 20.12.2017 19:00","21088","20658"
"20.12.2017 19:00 - 20.12.2017 20:00","20556","20071"
"20.12.2017 20:00 - 20.12.2017 21:00","19887","19415"
"20.12.2017 21:00 - 20.12.2017 22:00","19026","18541"
"20.12.2017 22:00 - 20.12.2017 23:00","17983","17378"
"20.12.2017 23:00 - 21.12.2017 00:00","16929","16629"
"21.12.2017 00:00 - 21.12.2017 01:00","16069","15997"
"21.12.2017 01:00 - 21.12.2017 02:00","15665","15648"
"21.12.2017 02:00 - 21.12.2017 03:00","15589","15651"
"21.12.2017 03:00 - 21.12.2017 04:00","15662","15606"
"21.12.2017 04:00 - 21.12.2017 05:00","15969","15505"
"21.12.2017 05:00 - 21.12.2017 06:00","16698","16795"
"21.12.2017 06:00 - 21.12.2017 07:00","18417","18617"
"21.12.2017 07:00 - 21.12.2017 08:00","20268","20386"
"21.12.2017 08:00 - 21.12.2017 09:00","20976","20909"
"21.12.2017 09:00 - 21.12.2017 10:00","20987","20936"
"21.12.2017 10:00 - 21.12.2017 11:00","20990","20832"
"21.12.2017 11:00 - 21.12.2017 12:00","20951","20653"
"21.12.2017 12:00 - 21.12.2017 13:00","20824","20556"
"21.12.2017 13:00 - 21.12.2017 14:00","20772","20471"
"21.12.2017 14:00 - 21.12.2017 15:00","20912","20672"
"21.12.2017 15:00 - 21.12.2017 16:00","21449","21321"
"21.12.2017 16:00 - 21.12.2017 17:00","21848","21476"
"21.12.2017 17:00 - 21.12.2017 18:00","21955","21873"
"21.12.2017 18:00 - 21.12.2017 19:00","21692","21494"
"21.12.2017 19:00 - 21.12.2017 20:00","21263","20767"
"21.12.2017 20:00 - 21.12.2017 21:00","20634","20146"
"21.12.2017 21:00 - 21.12.2017 22:00","19845","19174"
"21.12.2017 22:00 - 21.12.2017 23:00","18874","17976"
"21.12.2017 23:00 - 22.12.2017 00:00","17883","16806"
"22.12.2017 00:00 - 22.12.2017 01:00","17157","16114"
"22.12.2017 01:00 - 22.12.2017 02:00","16723","15993"
"22.12.2017 02:00 - 22.12.2017 03:00","16567","15911"
"22.12.2017 03:00 - 22.12.2017 04:00","16559","15825"
"22.12.2017 04:00 - 22.12.2017 05:00","16758","15940"
"22.12.2017 05:00 - 22.12.2017 06:00","17417","16790"
"22.12.2017 06:00 - 22.12.2017 07:00","19045","18627"
"22.12.2017 07:00 - 22.12.2017 08:00","20791","20407"
"22.12.2017 08:00 - 22.12.2017 09:00","21474","21209"
"22.12.2017 09:00 - 22.12.2017 10:00","21440","21227"
"22.12.2017 10:00 - 22.12.2017 11:00","21409","21109"
"22.12.2017 11:00 - 22.12.2017 12:00","21239","20864"
"22.12.2017 12:00 - 22.12.2017 13:00","20957","20545"
"22.12.2017 13:00 - 22.12.2017 14:00","20783","20248"
"22.12.2017 14:00 - 22.12.2017 15:00","20782","20158"
"22.12.2017 15:00 - 22.12.2017 16:00","21081","20790"
"22.12.2017 16:00 - 22.12.2017 17:00","21455","21188"
"22.12.2017 17:00 - 22.12.2017 18:00","21577","21274"
"22.12.2017 18:00 - 22.12.2017 19:00","21252","20927"
"22.12.2017 19:00 - 22.12.2017 20:00","20670","20191"
"22.12.2017 20:00 - 22.12.2017 21:00","19968","19377"
"22.12.2017 21:00 - 22.12.2017 22:00","19255","18269"
"22.12.2017 22:00 - 22.12.2017 23:00","18584","17177"
"22.12.2017 23:00 - 23.12.2017 00:00","17862","16507"
"23.12.2017 00:00 - 23.12.2017 01:00","16656","15542"
"23.12.2017 01:00 - 23.12.2017 02:00","16141","15173"
"23.12.2017 02:00 - 23.12.2017 03:00","15803","15302"
"23.12.2017 03:00 - 23.12.2017 04:00","15613","15355"
"23.12.2017 04:00 - 23.12.2017 05:00","15472","15241"
"23.12.2017 05:00 - 23.12.2017 06:00","15510","15167"
"23.12.2017 06:00 - 23.12.2017 07:00","15814","15678"
"23.12.2017 07:00 - 23.12.2017 08:00","16309","16263"
"23.12.2017 08:00 - 23.12.2017 09:00","16877","16977"
"23.12.2017 09:00 - 23.12.2017 10:00","17401","17679"
"23.12.2017 10:00 - 23.12.2017 11:00","17841","18240"
"23.12.2017 11:00 - 23.12.2017 12:00","17958","18177"
"23.12.2017 12:00 - 23.12.2017 13:00","17900","17944"
"23.12.2017 13:00 - 23.12.2017 14:00","17789","18007"
"23.12.2017 14:00 - 23.12.2017 15:00","17761","17840"
"23.12.2017 15:00 - 23.12.2017 16:00","18139","18471"
"23.12.2017 16:00 - 23.12.2017 17:00","18605","18861"
"23.12.2017 17:00 - 23.12.2017 18:00","18703","18539"
"23.12.2017 18:00 - 23.12.2017 19:00","18393","18116"
"23.12.2017 19:00 - 23.12.2017 20:00","17903","17445"
"23.12.2017 20:00 - 23.12.2017 21:00","17338","16828"
"23.12.2017 21:00 - 23.12.2017 22:00","16830","16213"
"23.12.2017 22:00 - 23.12.2017 23:00","16262","15832"
"23.12.2017 23:00 - 24.12.2017 00:00","15706","15174"
"24.12.2017 00:00 - 24.12.2017 01:00","14831","14879"
"24.12.2017 01:00 - 24.12.2017 02:00","14433","14395"
"24.12.2017 02:00 - 24.12.2017 03:00","14254","14432"
"24.12.2017 03:00 - 24.12.2017 04:00","14278","14403"
"24.12.2017 04:00 - 24.12.2017 05:00","14377","14203"
"24.12.2017 05:00 - 24.12.2017 06:00","14625","14364"
"24.12.2017 06:00 - 24.12.2017 07:00","15143","14821"
"24.12.2017 07:00 - 24.12.2017 08:00","15830","15470"
"24.12.2017 08:00 - 24.12.2017 09:00","16568","16195"
"24.12.2017 09:00 - 24.12.2017 10:00","17102","16441"
"24.12.2017 10:00 - 24.12.2017 11:00","17435","17248"
"24.12.2017 11:00 - 24.12.2017 12:00","17598","17299"
"24.12.2017 12:00 - 24.12.2017 13:00","17479","17017"
"24.12.2017 13:00 - 24.12.2017 14:00","17185","16861"
"24.12.2017 14:00 - 24.12.2017 15:00","16977","16542"
"24.12.2017 15:00 - 24.12.2017 16:00","17130","16730"
"24.12.2017 16:00 - 24.12.2017 17:00","17067","16759"
"24.12.2017 17:00 - 24.12.2017 18:00","16718","16502"
"24.12.2017 18:00 - 24.12.2017 19:00","16420","16468"
"24.12.2017 19:00 - 24.12.2017 20:00","16212","16279"
"24.12.2017 20:00 - 24.12.2017 21:00","16024","16245"
"24.12.2017 21:00 - 24.12.2017 22:00","15832","15928"
"24.12.2017 22:00 - 24.12.2017 23:00","15604","15746"
"24.12.2017 23:00 - 25.12.2017 00:00","15272","15355"
"25.12.2017 00:00 - 25.12.2017 01:00","15031","14827"
"25.12.2017 01:00 - 25.12.2017 02:00","14710","14802"
"25.12.2017 02:00 - 25.12.2017 03:00","14495","14648"
"25.12.2017 03:00 - 25.12.2017 04:00","14453","14634"
"25.12.2017 04:00 - 25.12.2017 05:00","14460","14690"
"25.12.2017 05:00 - 25.12.2017 06:00","14664","14952"
"25.12.2017 06:00 - 25.12.2017 07:00","15017","15201"
"25.12.2017 07:00 - 25.12.2017 08:00","15377","15685"
"25.12.2017 08:00 - 25.12.2017 09:00","15725","16167"
"25.12.2017 09:00 - 25.12.2017 10:00","16037","16509"
"25.12.2017 10:00 - 25.12.2017 11:00","16407","16890"
"25.12.2017 11:00 - 25.12.2017 12:00","16661","16989"
"25.12.2017 12:00 - 25.12.2017 13:00","16692","17106"
"25.12.2017 13:00 - 25.12.2017 14:00","16612","17144"
"25.12.2017 14:00 - 25.12.2017 15:00","16567","17357"
"25.12.2017 15:00 - 25.12.2017 16:00","16917","17601"
"25.12.2017 16:00 - 25.12.2017 17:00","17190","17643"
"25.12.2017 17:00 - 25.12.2017 18:00","17125","17276"
"25.12.2017 18:00 - 25.12.2017 19:00","16942","16979"
"25.12.2017 19:00 - 25.12.2017 20:00","16665","16675"
"25.12.2017 20:00 - 25.12.2017 21:00","16378","16457"
"25.12.2017 21:00 - 25.12.2017 22:00","16011","15921"
"25.12.2017 22:00 - 25.12.2017 23:00","15547","15376"
"25.12.2017 23:00 - 26.12.2017 00:00","15078","14898"
"26.12.2017 00:00 - 26.12.2017 01:00","14081","14691"
"26.12.2017 01:00 - 26.12.2017 02:00","13723","14493"
"26.12.2017 02:00 - 26.12.2017 03:00","13610","14415"
"26.12.2017 03:00 - 26.12.2017 04:00","13578","14447"
"26.12.2017 04:00 - 26.12.2017 05:00","13702","14586"
"26.12.2017 05:00 - 26.12.2017 06:00","13933","14793"
"26.12.2017 06:00 - 26.12.2017 07:00","14427","15468"
"26.12.2017 07:00 - 26.12.2017 08:00","14974","15906"
"26.12.2017 08:00 - 26.12.2017 09:00","15561","16523"
"26.12.2017 09:00 - 26.12.2017 10:00","16059","17003"
"26.12.2017 10:00 - 26.12.2017 11:00","16584","17549"
"26.12.2017 11:00 - 26.12.2017 12:00","16899","17686"
"26.12.2017 12:00 - 26.12.2017 13:00","17010","18072"
"26.12.2017 13:00 - 26.12.2017 14:00","17002","18111"
"26.12.2017 14:00 - 26.12.2017 15:00","17094","18127"
"26.12.2017 15:00 - 26.12.2017 16:00","17577","18371"
"26.12.2017 16:00 - 26.12.2017 17:00","17960","18764"
"26.12.2017 17:00 - 26.12.2017 18:00","17922","18753"
"26.12.2017 18:00 - 26.12.2017 19:00","17674","18621"
"26.12.2017 19:00 - 26.12.2017 20:00","17336","18319"
"26.12.2017 20:00 - 26.12.2017 21:00","16928","17740"
"26.12.2017 21:00 - 26.12.2017 22:00","16322","16952"
"26.12.2017 22:00 - 26.12.2017 23:00","15769","16381"
"26.12.2017 23:00 - 27.12.2017 00:00","15170","15963"
"27.12.2017 00:00 - 27.12.2017 01:00","15437","15428"
"27.12.2017 01:00 - 27.12.2017 02:00","15156","15314"
"27.12.2017 02:00 - 27.12.2017 03:00","15045","15294"
"27.12.2017 03:00 - 27.12.2017 04:00","15087","15297"
"27.12.2017 04:00 - 27.12.2017 05:00","15273","15436"
"27.12.2017 05:00 - 27.12.2017 06:00","15834","15886"
"27.12.2017 06:00 - 27.12.2017 07:00","17005","17571"
"27.12.2017 07:00 - 27.12.2017 08:00","18201","18440"
"27.12.2017 08:00 - 27.12.2017 09:00","18886","19280"
"27.12.2017 09:00 - 27.12.2017 10:00","19144","19381"
"27.12.2017 10:00 - 27.12.2017 11:00","19331","19495"
"27.12.2017 11:00 - 27.12.2017 12:00","19332","19823"
"27.12.2017 12:00 - 27.12.2017 13:00","19280","19933"
"27.12.2017 13:00 - 27.12.2017 14:00","19253","19950"
"27.12.2017 14:00 - 27.12.2017 15:00","19369","20086"
"27.12.2017 15:00 - 27.12.2017 16:00","19827","20506"
"27.12.2017 16:00 - 27.12.2017 17:00","20093","20773"
"27.12.2017 17:00 - 27.12.2017 18:00","20119","20563"
"27.12.2017 18:00 - 27.12.2017 19:00","19733","20084"
"27.12.2017 19:00 - 27.12.2017 20:00","19242","19432"
"27.12.2017 20:00 - 27.12.2017 21:00","18684","18704"
"27.12.2017 21:00 - 27.12.2017 22:00","18011","17879"
"27.12.2017 22:00 - 27.12.2017 23:00","17264","17007"
"27.12.2017 23:00 - 28.12.2017 00:00","16545","16220"
"28.12.2017 00:00 - 28.12.2017 01:00","16053","15525"
"28.12.2017 01:00 - 28.12.2017 02:00","15672","15247"
"28.12.2017 02:00 - 28.12.2017 03:00","15516","15249"
"28.12.2017 03:00 - 28.12.2017 04:00","15517","15190"
"28.12.2017 04:00 - 28.12.2017 05:00","15656","15320"
"28.12.2017 05:00 - 28.12.2017 06:00","16150","16016"
"28.12.2017 06:00 - 28.12.2017 07:00","17284","17095"
"28.12.2017 07:00 - 28.12.2017 08:00","18544","18430"
"28.12.2017 08:00 - 28.12.2017 09:00","19297","18803"
"28.12.2017 09:00 - 28.12.2017 10:00","19499","19206"
"28.12.2017 10:00 - 28.12.2017 11:00","19724","19507"
"28.12.2017 11:00 - 28.12.2017 12:00","19781","19691"
"28.12.2017 12:00 - 28.12.2017 13:00","19789","19908"
"28.12.2017 13:00 - 28.12.2017 14:00","19725","19757"
"28.12.2017 14:00 - 28.12.2017 15:00","19758","19841"
"28.12.2017 15:00 - 28.12.2017 16:00","20105","20171"
"28.12.2017 16:00 - 28.12.2017 17:00","20235","20294"
"28.12.2017 17:00 - 28.12.2017 18:00","20263","20219"
"28.12.2017 18:00 - 28.12.2017 19:00","19836","19895"
"28.12.2017 19:00 - 28.12.2017 20:00","19297","19264"
"28.12.2017 20:00 - 28.12.2017 21:00","18677","18617"
"28.12.2017 21:00 - 28.12.2017 22:00","17940","17827"
"28.12.2017 22:00 - 28.12.2017 23:00","17144","17162"
"28.12.2017 23:00 - 29.12.2017 00:00","16382","16385"
"29.12.2017 00:00 - 29.12.2017 01:00","15692","15699"
"29.12.2017 01:00 - 29.12.2017 02:00","15310","15319"
"29.12.2017 02:00 - 29.12.2017 03:00","15170","15104"
"29.12.2017 03:00 - 29.12.2017 04:00","15201","15159"
"29.12.2017 04:00 - 29.12.2017 05:00","15366","15197"
"29.12.2017 05:00 - 29.12.2017 06:00","15892","15598"
"29.12.2017 06:00 - 29.12.2017 07:00","17005","16951"
"29.12.2017 07:00 - 29.12.2017 08:00","18310","18280"
"29.12.2017 08:00 - 29.12.2017 09:00","19151","18913"
"29.12.2017 09:00 - 29.12.2017 10:00","19496","18820"
"29.12.2017 10:00 - 29.12.2017 11:00","19715","19241"
"29.12.2017 11:00 - 29.12.2017 12:00","19712","19227"
"29.12.2017 12:00 - 29.12.2017 13:00","19684","19245"
"29.12.2017 13:00 - 29.12.2017 14:00","19658","19234"
"29.12.2017 14:00 - 29.12.2017 15:00","19738","19353"
"29.12.2017 15:00 - 29.12.2017 16:00","20098","19668"
"29.12.2017 16:00 - 29.12.2017 17:00","20422","20086"
"29.12.2017 17:00 - 29.12.2017 18:00","20470","20105"
"29.12.2017 18:00 - 29.12.2017 19:00","20091","19675"
"29.12.2017 19:00 - 29.12.2017 20:00","19587","19146"
"29.12.2017 20:00 - 29.12.2017 21:00","19013","18479"
"29.12.2017 21:00 - 29.12.2017 22:00","18322","17860"
"29.12.2017 22:00 - 29.12.2017 23:00","17563","17153"
"29.12.2017 23:00 - 30.12.2017 00:00","16818","16416"
"30.12.2017 00:00 - 30.12.2017 01:00","16219","15935"
"30.12.2017 01:00 - 30.12.2017 02:00","15805","15738"
"30.12.2017 02:00 - 30.12.2017 03:00","15663","15555"
"30.12.2017 03:00 - 30.12.2017 04:00","15647","15555"
"30.12.2017 04:00 - 30.12.2017 05:00","15751","15633"
"30.12.2017 05:00 - 30.12.2017 06:00","15990","15784"
"30.12.2017 06:00 - 30.12.2017 07:00","16501","15811"
"30.12.2017 07:00 - 30.12.2017 08:00","17203","16540"
"30.12.2017 08:00 - 30.12.2017 09:00","17953","17151"
"30.12.2017 09:00 - 30.12.2017 10:00","18603","17595"
"30.12.2017 10:00 - 30.12.2017 11:00","19073","18273"
"30.12.2017 11:00 - 30.12.2017 12:00","19220","18597"
"30.12.2017 12:00 - 30.12.2017 13:00","19156","18593"
"30.12.2017 13:00 - 30.12.2017 14:00","19109","18662"
"30.12.2017 14:00 - 30.12.2017 15:00","19205","18830"
"30.12.2017 15:00 - 30.12.2017 16:00","19586","19328"
"30.12.2017 16:00 - 30.12.2017 17:00","20193","19772"
"30.12.2017 17:00 - 30.12.2017 18:00","20386","19719"
"30.12.2017 18:00 - 30.12.2017 19:00","20096","19812"
"30.12.2017 19:00 - 30.12.2017 20:00","19589","19541"
"30.12.2017 20:00 - 30.12.2017 21:00","18953","18661"
"30.12.2017 21:00 - 30.12.2017 22:00","18314","18019"
"30.12.2017 22:00 - 30.12.2017 23:00","17646","17428"
"30.12.2017 23:00 - 31.12.2017 00:00","16967","16708"
"31.12.2017 00:00 - 31.12.2017 01:00","15393","15293"
"31.12.2017 01:00 - 31.12.2017 02:00","15040","14942"
"31.12.2017 02:00 - 31.12.2017 03:00","14841","14781"
"31.12.2017 03:00 - 31.12.2017 04:00","14797","14724"
"31.12.2017 04:00 - 31.12.2017 05:00","14892","14765"
"31.12.2017 05:00 - 31.12.2017 06:00","15138","14897"
"31.12.2017 06:00 - 31.12.2017 07:00","15524","15132"
"31.12.2017 07:00 - 31.12.2017 08:00","15964","15814"
"31.12.2017 08:00 - 31.12.2017 09:00","16493","16404"
"31.12.2017 09:00 - 31.12.2017 10:00","17049","16850"
"31.12.2017 10:00 - 31.12.2017 11:00","17516","17536"
"31.12.2017 11:00 - 31.12.2017 12:00","17710","17713"
"31.12.2017 12:00 - 31.12.2017 13:00","17766","17742"
"31.12.2017 13:00 - 31.12.2017 14:00","17825","17959"
"31.12.2017 14:00 - 31.12.2017 15:00","18065","18341"
"31.12.2017 15:00 - 31.12.2017 16:00","18608","18996"
"31.12.2017 16:00 - 31.12.2017 17:00","19119","19431"
"31.12.2017 17:00 - 31.12.2017 18:00","19036","19455"
"31.12.2017 18:00 - 31.12.2017 19:00","18432","18960"
"31.12.2017 19:00 - 31.12.2017 20:00","17636","18340"
"31.12.2017 20:00 - 31.12.2017 21:00","16990","17620"
"31.12.2017 21:00 - 31.12.2017 22:00","16428","17094"
"31.12.2017 22:00 - 31.12.2017 23:00","16000","16608"
"31.12.2017 23:00 - 01.01.2018 00:00","15464","16261"
